IRIDIUM 167
1 43931U 19002K   19305.51299352  .00000068  00000-0  17163-4 0  9992
2 43931  86.3929 284.7169 0002920 107.0949 253.0567 14.34217793 42149
IRIDIUM 170
1 43930U 19002J   19305.51482913  .00000103  00000-0  12443-4 0  9994
2 43930  86.6065 284.7444 0002020  86.3897 273.7551 14.72251291 43258
IRIDIUM 171
1 43929U 19002H   19305.51934346  .00000073  00000-0  18855-4 0  9993
2 43929  86.3938 284.7506 0002464  93.1773 266.9705 14.34217012 42145
IRIDIUM 175
1 43928U 19002G   19305.50244166  .00000105  00000-0  12685-4 0  9996
2 43928  86.6049 284.6791 0002335  64.0021 296.1436 14.72252530 43238
IRIDIUM 172
1 43927U 19002F   19305.46859764  .00000070  00000-0  17803-4 0  9994
2 43927  86.3929 284.7344 0002422  96.8673 263.2798 14.34215677 42143
IRIDIUM 169
1 43926U 19002E   19305.54593292  .00000049  00000-0  97768-5 0  9998
2 43926  87.1825 315.1783 0003819  51.0319 309.1220 14.38639405 42359
IRIDIUM 173
1 43925U 19002D   19305.54469913  .00000078  00000-0  20932-4 0  9999
2 43925  86.3928 284.7021 0002327  92.8537 267.2925 14.34219779 42155
IRIDIUM 168
1 43924U 19002C   19305.55739665  .00000065  00000-0  15967-4 0  9991
2 43924  86.3931 284.7096 0002497  94.0131 266.1350 14.34216133 42164
IRIDIUM 176
1 43923U 19002B   19305.50865043  .00000109  00000-0  13364-4 0  9993
2 43923  86.6064 284.7395 0002268  94.0338 266.1138 14.72251783 43246
IRIDIUM 180
1 43922U 19002A   19305.49398389  .00000070  00000-0  17795-4 0  9993
2 43922  86.3929 284.7275 0002972 111.9205 248.2307 14.34218225 42210
IRIDIUM 159
1 43578U 18061K   19305.56423490  .00000077  00000-0  20369-4 0  9992
2 43578  86.3980 347.9016 0002296  98.4206 261.7250 14.34216519 66574
IRIDIUM 164
1 43577U 18061J   19305.52618465  .00000080  00000-0  21607-4 0  9995
2 43577  86.3981 347.9297 0002309  99.1841 260.9616 14.34216889 66604
IRIDIUM 156
1 43576U 18061H   19305.54520752  .00000077  00000-0  20568-4 0  9998
2 43576  86.3980 347.9181 0001775  92.9861 267.1538 14.34218495 66554
IRIDIUM 163
1 43575U 18061G   19304.73337350  .00000080  00000-0  21614-4 0  9994
2 43575  86.3980 348.2529 0001845 111.5684 248.5709 14.34218220 66450
IRIDIUM 154
1 43574U 18061F   19305.51984663  .00000071  00000-0  18288-4 0  9998
2 43574  86.3982 347.9355 0002460  98.1368 262.0107 14.34215415 66598
IRIDIUM 155
1 43573U 18061E   19305.05049152  .00000071  00000-0  18139-4 0  9996
2 43573  86.3979 348.1127 0002068  75.9257 284.2169 14.34216149 66484
IRIDIUM 165
1 43572U 18061D   19304.73970948  .00000073  00000-0  19163-4 0  9995
2 43572  86.3983 348.2583 0002046 100.5071 259.6355 14.34218108 66468
IRIDIUM 158
1 43571U 18061C   19305.55156019  .00000072  00000-0  18612-4 0  9997
2 43571  86.3980 347.9169 0002075 102.7324 257.4104 14.34216771 66560
IRIDIUM 160
1 43569U 18061A   19305.55791395  .00000072  00000-0  18613-4 0  9997
2 43569  86.3981 347.9231 0002440  98.0068 262.1405 14.34217868 66561
IRIDIUM 166
1 43570U 18061B   19304.67627517  .00000077  00000-0  20450-4 0  9992
2 43570  86.3981 348.2754 0001935  92.9718 267.1699 14.34216382 66469
IRIDIUM 162
1 43482U 18047G   19305.30841178  .00000126  00000-0  31511-4 0  9995
2 43482  86.4536  19.6998 0002158  84.9298 275.2149 14.43283878 76093
IRIDIUM 110
1 43481U 18047F   19305.33299044  .00000098  00000-0  28058-4 0  9996
2 43481  86.4015  19.6319 0001936  88.2004 271.9413 14.34216319 75638
IRIDIUM 147
1 43480U 18047E   19305.25688315  .00000102  00000-0  29433-4 0  9993
2 43480  86.4011  19.6363 0002454  92.8908 267.2569 14.34217537 75635
IRIDIUM 152
1 43479U 18047D   19305.32029716  .00000091  00000-0  25406-4 0  9996
2 43479  86.4011  19.6464 0002235 104.2323 255.9121 14.34220684 75658
IRIDIUM 161
1 43478U 18047C   19305.31472491  .00000106  00000-0  25658-4 0  9992
2 43478  86.4537  19.7724 0002371  87.0268 273.1204 14.43279505 76108
IRIDIUM 143
1 43258U 18030K   19305.34758416  .00000099  00000-0  28385-4 0  9998
2 43258  86.4025 221.6677 0001459  97.5560 262.5801 14.34218133 83286
IRIDIUM 150
1 43257U 18030J   19305.29684868  .00000091  00000-0  25441-4 0  9992
2 43257  86.4006 221.6983 0004387  59.8315 300.3315 14.34214654 83337
IRIDIUM 142
1 43256U 18030H   19305.32855770  .00000037  00000-0  61923-5 0  9993
2 43256  86.4018 221.6451 0002078  85.4554 274.6879 14.34216842 83298
IRIDIUM 148
1 43255U 18030G   19304.80212572  .00000096  00000-0  27056-4 0  9994
2 43255  86.4021 221.8864 0002231  91.3245 268.8207 14.34218556 83266
IRIDIUM 146
1 43254U 18030F   19305.32221618  .00000095  00000-0  26872-4 0  9996
2 43254  86.4020 221.6608 0001838  93.8804 266.2602 14.34218154 83296
IRIDIUM 145
1 43253U 18030E   19305.34124360  .00000085  00000-0  23470-4 0  9993
2 43253  86.4021 221.6356 0001155 128.9482 231.1817 14.34216201 83289
IRIDIUM 140
1 43252U 18030D   19305.35393244  .00000103  00000-0  29755-4 0  9995
2 43252  86.4021 221.6481 0001128  57.6652 302.4653 14.34219412 83359
IRIDIUM 157
1 43251U 18030C   19305.33490640  .00000096  00000-0  27083-4 0  9993
2 43251  86.4021 221.6422 0002584  86.7272 273.4219 14.34218611 83299
IRIDIUM 149
1 43250U 18030B   19305.38564446  .00000078  00000-0  20638-4 0  9992
2 43250  86.4019 221.6217 0001568  84.1430 275.9944 14.34219679 83327
IRIDIUM 144
1 43249U 18030A   19305.37930057  .00000100  00000-0  28687-4 0  9992
2 43249  86.4020 221.6316 0001727  77.9391 282.1998 14.34217920 83326
IRIDIUM 131
1 43079U 17083K   19305.47785806  .00000081  00000-0  22022-4 0  9996
2 43079  86.3976 253.1816 0002319  81.1142 279.0316 14.34217200 97280
IRIDIUM 153
1 43078U 17083J   19305.37295274  .00000123  00000-0  36803-4 0  9998
2 43078  86.4023 221.6340 0003090  70.7096 289.4434 14.34216009 98445
IRIDIUM 141
1 43077U 17083H   19305.42078135  .00000084  00000-0  23042-4 0  9995
2 43077  86.3971 253.1814 0002506  85.6684 274.4798 14.34217652 97340
IRIDIUM 137
1 43076U 17083G   19305.35735367  .00000086  00000-0  23668-4 0  9999
2 43076  86.3975 253.2448 0002534  94.1064 266.0421 14.34216604 97330
IRIDIUM 134
1 43075U 17083F   19305.55396726  .00000025  00000-0  20275-5 0  9997
2 43075  86.3974 253.1135 0001965  78.3535 281.7881 14.34215380 97293
IRIDIUM 151
1 43074U 17083E   19305.44616293  .00000085  00000-0  23275-4 0  9996
2 43074  86.3973 253.1849 0002447  93.9332 266.2144 14.34215115 97316
IRIDIUM 130
1 43073U 17083D   19305.47153199  .00000081  00000-0  21943-4 0  9995
2 43073  86.3980 253.2096 0002342  85.3304 274.8159 14.34218804 97292
IRIDIUM 116
1 43072U 17083C   19305.36369395  .00000086  00000-0  23740-4 0  9991
2 43072  86.3971 253.2174 0002358  93.6939 266.4527 14.34216674 97335
IRIDIUM 138
1 43071U 17083B   19305.46518841  .00000090  00000-0  24901-4 0  9998
2 43071  86.3961 253.0890 0002332  81.5799 278.5661 14.34218791 97311
IRIDIUM 135
1 43070U 17083A   19305.43979764  .00000090  00000-0  25095-4 0  9994
2 43070  86.3972 253.1711 0001862  95.3456 264.7952 14.34218946 97328
IRIDIUM 125
1 42964U 17061K   19305.53544925  .00000074  00000-0  19320-4 0  9995
2 42964  86.3939 316.4091 0002183  86.9191 273.2254 14.34218278108045
IRIDIUM 139
1 42963U 17061J   19305.54813253  .00000087  00000-0  23829-4 0  9991
2 42963  86.3937 316.3864 0002245  85.3391 274.8061 14.34220676108030
IRIDIUM 136
1 42962U 17061H   19305.54178950  .00000088  00000-0  24431-4 0  9999
2 42962  86.3937 316.3662 0002615  87.3514 272.7981 14.34215727108023
IRIDIUM 132
1 42961U 17061G   19305.09146457  .00000074  00000-0  19244-4 0  9996
2 42961  86.3937 316.5553 0002048  81.4233 278.7195 14.34219537107942
IRIDIUM 107
1 42960U 17061F   19305.57349655  .00000077  00000-0  20334-4 0  9998
2 42960  86.3937 316.3609 0002175  86.7699 273.3746 14.34216224108029
IRIDIUM 119
1 42959U 17061E   19305.55447268  .00000029  00000-0  32366-5 0  9999
2 42959  86.3935 316.3626 0002554  84.5911 275.5576 14.34215212108007
IRIDIUM 129
1 42958U 17061D   19305.09780796  .00000072  00000-0  18775-4 0  9998
2 42958  86.3936 316.5701 0002513  82.3732 277.7749 14.34217632107929
IRIDIUM 122
1 42957U 17061C   19304.65383179  .00000071  00000-0  18334-4 0  9992
2 42957  86.3936 316.7153 0002659  76.0119 284.1373 14.34218861107842
IRIDIUM 100
1 42956U 17061B   19304.61577193  .00000082  00000-0  22385-4 0  9991
2 42956  86.3935 316.7358 0002148  89.5540 270.5901 14.34218611107857
IRIDIUM 133
1 42955U 17061A   19305.52910004  .00000030  00000-0  36275-5 0  9990
2 42955  86.3938 316.3772 0002530  81.3129 278.8353 14.34215407107967
IRIDIUM 121
1 42812U 17039K   19305.52567448  .00000068  00000-0  17279-4 0  9990
2 42812  86.3931 284.7485 0002368  84.2715 275.8751 14.34215454123131
IRIDIUM 128
1 42811U 17039J   19305.56714590  .00000077  00000-0  20427-4 0  9994
2 42811  86.3935 316.3000 0002773  73.1656 286.9844 14.34220865123172
IRIDIUM 124
1 42810U 17039H   19305.33677307  .00000123  00000-0  30494-4 0  9999
2 42810  86.4547 221.5920 0001743  76.9067 283.2328 14.43278595126085
IRIDIUM 126
1 42809U 17039G   19304.46012382  .00000074  00000-0  19233-4 0  9999
2 42809  86.3929 285.1800 0002248  85.3734 274.7718 14.34219046122995
IRIDIUM 117
1 42808U 17039F   19305.55106345  .00000088  00000-0  24229-4 0  9998
2 42808  86.3929 284.7097 0001953  75.1005 285.0407 14.34218543123179
IRIDIUM 118
1 42807U 17039E   19305.46227997  .00000080  00000-0  21401-4 0  9995
2 42807  86.3929 284.7682 0002550  94.4219 265.7268 14.34217479123136
IRIDIUM 115
1 42806U 17039D   19304.77898569  .00000087  00000-0  19865-4 0  9994
2 42806  86.4505 253.3030 0004652  99.6753 260.4974 14.43282774125150
IRIDIUM 120
1 42805U 17039C   19305.45248691  .00000083  00000-0  22471-4 0  9997
2 42805  86.3966 253.2653 0002297  71.7761 288.3684 14.34215480124350
IRIDIUM 123
1 42804U 17039B   19305.50030829  .00000096  00000-0  27176-4 0  9995
2 42804  86.3930 284.7443 0002437  86.0069 274.1405 14.34215794123139
IRIDIUM 113
1 42803U 17039A   19304.83091338  .00000046  00000-0  94258-5 0  9992
2 42803  86.3976 253.4291 0002380  73.9056 286.2401 14.34216052124274
IRIDIUM 111
1 41926U 17003K   19305.26956972  .00000091  00000-0  25393-4 0  9993
2 41926  86.4013  19.6303 0002309  86.0549 274.0911 14.34217190146472
IRIDIUM 112
1 41925U 17003J   19305.28223445  .00000100  00000-0  28791-4 0  9992
2 41925  86.4008  19.6060 0002455 107.6540 252.4923 14.34214105146452
IRIDIUM 108
1 41924U 17003H   19304.69530424  .00000079  00000-0  21167-4 0  9998
2 41924  86.3980 348.3257 0001810  93.5471 266.5932 14.34216056148195
IRIDIUM 114
1 41923U 17003G   19305.57399314  .00000100  00000-0  28591-4 0  9999
2 41923  86.4016  19.5283 0002052 103.2761 256.8664 14.34214824146464
IRIDIUM 104
1 41922U 17003F   19305.56766659  .00000096  00000-0  27210-4 0  9998
2 41922  86.4016  19.5406 0001905  86.4416 273.6997 14.34218700146468
IRIDIUM 105
1 41921U 17003E   19305.52607961  .00000086  00000-0  23732-4 0  9997
2 41921  86.3985 347.9419 0001429  60.3197 299.8141 14.34216211148324
IRIDIUM 102
1 41920U 17003D   19305.27589478  .00000102  00000-0  29252-4 0  9992
2 41920  86.4015  19.6567 0002435  95.5661 264.5813 14.34219631146433
IRIDIUM 109
1 41919U 17003C   19305.58670295  .00000106  00000-0  30637-4 0  9995
2 41919  86.4017  19.5514 0002212  92.0494 268.0955 14.34219388146416
IRIDIUM 103
1 41918U 17003B   19305.58035136  .00000104  00000-0  30108-4 0  9994
2 41918  86.4015  19.5347 0002431  85.0222 275.1252 14.34216767146430
IRIDIUM 106
1 41917U 17003A   19305.59303331  .00000096  00000-0  27351-4 0  9995
2 41917  86.4016  19.6214 0001749  89.7779 270.3617 14.34216868146404
IRIDIUM 97
1 27450U 02031A   19304.52044981  .00000009  00000-0 -35731-5 0  9998
2 27450  86.4191 316.8814 0002140  95.9685 264.1757 14.38539365914664
IRIDIUM 96
1 27376U 02005E   19305.35597245  .00063890 -31651-6  36077-3 0  9995
2 27376  86.3632 264.0379 0168281  70.2898 291.6433 15.61487516947446
IRIDIUM 2
1 25527U 98066A   19305.39612477  .00001087  00000-0  51176-4 0  9997
2 25527  85.5318 239.5698 0010542 128.2752 231.9439 15.18246873149385
IRIDIUM 82
1 25467U 98051A   19305.57620326  .00000812  00000-0  57979-4 0  9998
2 25467  86.4004 344.4967 0179868 176.3578 183.9010 14.90549895115992
IRIDIUM 73
1 25344U 98032C   19305.22094640  .00000130  00000-0  28803-4 0  9994
2 25344  86.4482 196.4740 0002626  77.1257 283.0241 14.49197702133111
IRIDIUM 71
1 25320U 98026B   19305.34020336  .00000137  00000-0  37938-4 0  9991
2 25320  86.4007 236.3296 0003462  49.7413 310.4088 14.39216411128189
IRIDIUM 69
1 25319U 98026A   19305.38743564  .00000062  00000-0  13613-4 0  9999
2 25319  86.4014 240.8344 0001462  20.9256 339.2002 14.38812084127724
IRIDIUM 63
1 25286U 98021B   19305.36206171  .00000121  00000-0  35802-4 0  9993
2 25286  86.4040 221.8002 0002268  88.4851  48.9643 14.34793947129382
IRIDIUM 57
1 25273U 98019B   19305.52927860  .00000095  00000-0  26713-4 0  9990
2 25273  86.3923 284.7465 0002261  90.8873 269.2582 14.34359224130391
IRIDIUM 51
1 25262U 98018A   19305.50748675  .00000678  00000-0  45135-4 0  9996
2 25262  86.3949 289.5062 0207815 130.8759 231.0684 14.88709707139330
IRIDIUM 24
1 25105U 97082B   19304.81373432  .00000116  00000-0  30328-4 0  9995
2 25105  86.3957 229.3648 0012345  21.4812 338.6902 14.39996242147563
IRIDIUM 45
1 25104U 97082A   19304.52665483  .00000618  00000-0  45302-4 0  9997
2 25104  86.3780 277.2708 0216264 137.1531 224.6778 14.84085942145585
IRIDIUM 44
1 25078U 97077B   19305.61091449  .00000106  00000-0  28401-4 0  9990
2 25078  86.3996   6.5851 0000882  34.4089 325.7166 14.38272097148305
IRIDIUM 42
1 25077U 97077A   19305.56985970  .00000052  00000-0  11416-4 0  9992
2 25077  86.4011  19.2337 0002060  80.2317 279.9112 14.34569002146531
IRIDIUM 38
1 25043U 97069E   19305.55961033  .00000128  00000-0  37059-4 0  9994
2 25043  86.4005  15.4982 0001887  53.9107 306.2265 14.36167243151218
IRIDIUM 39
1 25042U 97069D   19305.56874665  .00000106  00000-0  23792-4 0  9993
2 25042  86.3958   9.1325 0017222 312.8537  47.1218 14.46338987152089
IRIDIUM 36
1 24967U 97056C   19305.52029346  .00000096  00000-0  26311-4 0  9996
2 24967  86.3934 314.4768 0002068  96.5673 263.5759 14.35740220157309
IRIDIUM 28
1 24948U 97051E   19305.54902898  .00000088  00000-0  23722-4 0  9998
2 24948  86.3926 282.7687 0002032  80.5614 279.5812 14.35678232159026
IRIDIUM 33
1 24946U 97051C   19305.49237065  .00000072  00000-0  18955-4 0  9992
2 24946  86.3835 283.6960 0006062 307.5760  52.4885 14.33662598158290
IRIDIUM 29
1 24944U 97051A   19305.55076318  .00000079  00000-0  21095-4 0  9995
2 24944  86.3921 284.0568 0002335  94.2301 265.9162 14.34726865158796
DUMMY MASS 2
1 24926U 97048B   19304.75124224 +.00000076 +00000-0 +55828-5 0  9991
2 24926 086.3381 005.1220 0006285 212.7677 147.3158 14.84980179199781
DUMMY MASS 1
1 24925U 97048A   19304.77949174 +.00000081 +00000-0 +62010-5 0  9998
2 24925 086.3380 003.8510 0005855 199.9115 160.1881 14.85212689199962
IRIDIUM 22
1 24907U 97043E   19305.38828861  .00000104  00000-0  30015-4 0  9995
2 24907  86.3968 253.6135 0002277  88.3631 271.7826 14.34315846162131
IRIDIUM 26
1 24903U 97043A   19305.41173633  .00000124  00000-0  36427-4 0  9990
2 24903  86.3969 251.6540 0002207  80.8737 279.2709 14.35376041162366
IRIDIUM 921
1 24873U 97034E   19305.55128294  .00001057  00000-0  58554-4 0  9995
2 24873  86.3962  15.5826 0009670  65.5407 294.6839 15.12548578219151
IRIDIUM 920
1 24871U 97034C   19304.68243704  .00000123  00000-0  33041-4 0  9997
2 24871  86.4004   1.1931 0012234  20.3866 339.7819 14.39611113171007
IRIDIUM 17
1 24870U 97034B   19305.60118985  .00000115  00000-0  32959-4 0  9999
2 24870  86.4006  16.6894 0000706 137.4702 222.6549 14.35901898168641
IRIDIUM 911
1 24842U 97030G   19305.55450773  .00000129  00000-0  30990-4 0  9990
2 24842  86.4473 347.0131 0016698  90.9835 269.3280 14.45125379178206
IRIDIUM 16
1 24841U 97030F   19305.61253709  .00000083  00000-0  21281-4 0  9998
2 24841  86.4045 346.7207 0002078  24.1601 335.9693 14.36851054172137
IRIDIUM 914
1 24836U 97030A   19305.55682107  .00000094  00000-0  24103-4 0  9991
2 24836  86.3918 329.1198 0003645 114.4704 245.6875 14.38896437173665
IRIDIUM 4
1 24796U 97020E   19305.52977992  .00000084  00000-0  22618-4 0  9999
2 24796  86.3919 314.7117 0002248  90.6709 269.4745 14.35222194177709
IRIDIUM 5
1 24795U 97020D   19305.53001003  .00000283  00000-0  27979-4 0  9996
2 24795  86.3929 293.6563 0138519 191.5584 168.2450 14.80158854180852
IRIDIUM 7
1 24793U 97020B   19304.59091963  .00000092  00000-0  25640-4 0  9994
2 24793  86.3928 316.8509 0002278  87.5253 272.6203 14.34298216177382
