NAVSTAR 76 (USA 266)
1 41328U 16007A   19301.27003040  .00000040  00000-0  00000+0 0  9995
2 41328  54.8171 185.6915 0033860 218.2037 141.6440  2.00566951 27276
NAVSTAR 75 (USA 265)
1 41019U 15062A   19302.17640849  .00000038  00000-0  00000+0 0  9993
2 41019  55.2341 125.9401 0050835 205.1837 154.6126  2.00564600 29230
NAVSTAR 74 (USA 262)
1 40730U 15033A   19301.63050900 -.00000088  00000-0  00000+0 0  9999
2 40730  55.5920   5.2745 0046521 343.5952  16.3108  2.00575310 31404
NAVSTAR 73 (USA 260)
1 40534U 15013A   19301.46861295 -.00000047  00000-0  00000+0 0  9992
2 40534  54.4082 304.4521 0040738   3.5861 356.4540  2.00561469 33641
NAVSTAR 72 (USA 258)
1 40294U 14068A   19301.83260293  .00000043  00000-0  00000+0 0  9991
2 40294  55.2348 126.1346 0024349  40.9903 319.2406  2.00562337 36583
NAVSTAR 71 (USA 256)
1 40105U 14045A   19301.45773117  .00000039  00000-0  00000+0 0  9994
2 40105  54.5764 185.2590 0013425  96.4971 263.7452  2.00575100 38352
NAVSTAR 70 (USA 251)
1 39741U 14026A   19302.36516922 -.00000055  00000-0  00000+0 0  9996
2 39741  55.9908  65.9581 0016965 288.4022  71.3959  2.00562468 39929
NAVSTAR 69 (USA 248)
1 39533U 14008A   19301.59005594 -.00000023  00000-0  00000+0 0  9992
2 39533  53.8514 248.3388 0042290 196.7096 163.1302  2.00555646 41624
NAVSTAR 68 (USA 242)
1 39166U 13023A   19300.09282713 -.00000082  00000-0  00000+0 0  9999
2 39166  56.0701   6.0558 0071588  27.3684 333.0609  2.00566080 47236
NAVSTAR 67 (USA 239)
1 38833U 12053A   19301.73257499 -.00000018  00000-0  00000+0 0  9995
2 38833  53.7258 242.9228 0088195  34.0671 326.4802  2.00563176 51728
NAVSTAR 66 (USA 232)
1 37753U 11036A   19301.33612802 -.00000053  00000-0  00000+0 0  9993
2 37753  56.0121  66.4726 0089760  42.8805  24.4585  2.00567214 60652
NAVSTAR 65 (USA 213)
1 36585U 10022A   19302.46953740 -.00000048  00000-0  00000+0 0  9997
2 36585  55.4846 306.2107 0083290  49.8597  26.8613  2.00567432 68991
NAVSTAR 64 (USA 206)
1 35752U 09043A   19302.31448846  .00000033  00000-0  00000+0 0  9996
2 35752  54.4842 124.4554 0057469  44.7058 173.6795  2.00549936 74743
NAVSTAR 62 (USA 201)
1 32711U 08012A   19301.04878904 -.00000024  00000-0  00000+0 0  9995
2 32711  54.6884 246.8780 0133395 221.8550 137.0974  2.00557306 85139
NAVSTAR 61 (USA 199)
1 32384U 07062A   19302.49463404 -.00000092  00000-0  00000+0 0  9995
2 32384  56.4838   9.8855 0009110 124.7741 268.0179  2.00563975 86989
NAVSTAR 60 (USA 196)
1 32260U 07047A   19299.14211872  .00000037  00000-0  00000+0 0  9996
2 32260  53.1731 180.5437 0117409  46.6766 314.3833  2.00573064 88176
NAVSTAR 59 (USA 192)
1 29601U 06052A   19301.81698394 -.00000047  00000-0  00000+0 0  9994
2 29601  56.2083 310.0328 0072913  62.3591 298.4004  2.00576988 94857
NAVSTAR 58 (USA 190)
1 29486U 06042A   19302.65108498 -.00000013  00000-0  00000+0 0  9991
2 29486  54.9456 247.6553 0094830   1.5703 198.6196  2.00557750 95955
NAVSTAR 57 (USA 183)
1 28874U 05038A   19301.77018976 -.00000089  00000-0  00000+0 0  9991
2 28874  56.3955   9.2611 0135287 263.0312  97.7633  2.00573728103223
NAVSTAR 56 (USA 180)
1 28474U 04045A   19302.43543093 -.00000062  00000-0  00000+0 0  9992
2 28474  54.8140  62.3082 0195508 262.3569 113.8748  2.00576367109830
NAVSTAR 55 (USA 178)
1 28361U 04023A   19302.17116678  .00000035  00000-0  00000+0 0  9998
2 28361  54.0496 184.8531 0134020 233.2190 309.8954  2.00556031112464
NAVSTAR 54 (USA 177)
1 28190U 04009A   19302.26313451 -.00000091  00000-0  00000+0 0  9993
2 28190  56.2798  11.8756 0090446  87.2083 250.7908  2.00566279114383
NAVSTAR 53 (USA 175)
1 28129U 03058A   19301.80196256  .00000033  00000-0  00000+0 0  9994
2 28129  53.2124 121.6255 0070728 286.6334  72.6299  2.00563765116196
NAVSTAR 52 (USA 168)
1 27704U 03010A   19302.64465568 -.00000062  00000-0  00000+0 0  9991
2 27704  54.4612  62.4992 0247762 279.5112 142.5602  2.00568480121514
NAVSTAR 51 (USA 166)
1 27663U 03005A   19301.25698064 -.00000045  00000-0  00000+0 0  9995
2 27663  56.2259 311.1377 0107513  32.0487 147.7249  2.00565627122685
NAVSTAR 49 (USA 154)
1 26605U 00071A   19301.06586625  .00000034  00000-0  00000+0 0  9995
2 26605  55.0288 190.6672 0109625 249.6781 296.4173  2.00553467138916
NAVSTAR 48 (USA 151)
1 26407U 00040A   19302.27051628 -.00000050  00000-0  00000+0 0  9994
2 26407  56.1667 311.3193 0193357 277.0850 148.0840  2.00559882141347
NAVSTAR 47 (USA 150)
1 26360U 00025A   19301.89113941  .00000029  00000-0  00000+0 0  9994
2 26360  53.4013 118.8619 0048707 143.4484  39.0446  2.00568975142659
NAVSTAR 46 (USA 145)
1 25933U 99055A   19302.20952209 -.00000091  00000-0  00000+0 0  9994
2 25933  52.1999  40.0353 0163053 112.7259 248.3178  2.00555392146970
NAVSTAR 43 (USA 132)
1 24876U 97035A   19302.10286689  .00000031  00000-0  00000+0 0  9999
2 24876  55.4544 193.2317 0037589  67.0548 293.4220  2.00564058163152
NAVSTAR 35 (USA 96)
1 22877U 93068A   19301.70635156 -.00000061  00000-0  00000+0 0  9996
2 22877  54.7835  63.1096 0154469  82.5347 274.7497  2.00564132190545
