IRIDIUM 167
1 43931U 19002K   19302.51294688  .00000062  00000-0  15110-4 0  9990
2 43931  86.3926 285.9724 0002799 110.1348 250.0149 14.34217490 41717
IRIDIUM 170
1 43930U 19002J   19302.52424682  .00000088  00000-0  99847-5 0  9997
2 43930  86.6062 285.9960 0002049  84.8691 275.2759 14.72250765 42810
IRIDIUM 171
1 43929U 19002H   19302.51929540  .00000064  00000-0  15899-4 0  9995
2 43929  86.3935 286.0058 0002430  94.4409 265.7065 14.34216697 41718
IRIDIUM 175
1 43928U 19002G   19302.51186218  .00000085  00000-0  96293-5 0  9992
2 43928  86.6045 285.9312 0002502  65.4442 294.7036 14.72251984 42797
IRIDIUM 172
1 43927U 19002F   19302.53831542  .00000075  00000-0  19766-4 0  9998
2 43927  86.3926 285.9607 0002373  97.8222 262.3243 14.34215428 41723
IRIDIUM 169
1 43926U 19002E   19302.55508558  .00000060  00000-0  13220-4 0  9990
2 43926  87.1828 316.1632 0004051  56.4013 303.7572 14.38639183 41920
IRIDIUM 173
1 43925U 19002D   19302.54465686  .00000059  00000-0  14084-4 0  9999
2 43925  86.3925 285.9577 0002300  93.7357 266.4101 14.34219408 41720
IRIDIUM 168
1 43924U 19002C   19302.55734682  .00000070  00000-0  18049-4 0  9992
2 43924  86.3928 285.9650 0002460  95.5317 264.6160 14.34215862 41733
IRIDIUM 176
1 43923U 19002B   19302.51806895  .00000090  00000-0  10283-4 0  9997
2 43923  86.6061 285.9911 0002230  93.5373 266.6099 14.72251214 42803
IRIDIUM 180
1 43922U 19002A   19302.49393802  .00000069  00000-0  17622-4 0  9992
2 43922  86.3925 285.9830 0002823 115.3970 244.7518 14.34217945 41782
IRIDIUM 159
1 43578U 18061K   19302.63396063  .00000083  00000-0  22635-4 0  9997
2 43578  86.3984 349.1260 0002322  97.6268 262.5191 14.34220148 66152
IRIDIUM 164
1 43577U 18061J   19302.59590494  .00000089  00000-0  24655-4 0  9995
2 43577  86.3986 349.1543 0002270  99.7090 260.4362 14.34216448 66183
IRIDIUM 156
1 43576U 18061H   19302.61493122  .00000084  00000-0  22980-4 0  9991
2 43576  86.3984 349.1427 0001788  91.3910 268.7490 14.34218040 66131
IRIDIUM 163
1 43575U 18061G   19302.64031852  .00000086  00000-0  23764-4 0  9994
2 43575  86.3984 349.1276 0001774 110.8929 249.2456 14.34217914 66151
IRIDIUM 154
1 43574U 18061F   19302.51979477  .00000077  00000-0  20300-4 0  9996
2 43574  86.3987 349.1893 0002451  99.3120 260.8353 14.34216892 66165
IRIDIUM 155
1 43573U 18061E   19302.60859089  .00000049  00000-0  10400-4 0  9990
2 43573  86.3983 349.1332 0002144  75.9843 284.1591 14.34215730 66139
IRIDIUM 165
1 43572U 18061D   19302.57688588  .00000091  00000-0  25287-4 0  9995
2 43572  86.3988 349.1620 0002008 100.2471 259.8951 14.34217875 66154
IRIDIUM 158
1 43571U 18061C   19302.62128021  .00000097  00000-0  27415-4 0  9992
2 43571  86.3985 349.1416 0002017 102.1961 257.9461 14.34216451 66141
IRIDIUM 166
1 43570U 18061B   19302.58321766  .00000078  00000-0  20852-4 0  9994
2 43570  86.3986 349.1501 0001932  92.3624 267.7793 14.34216067 66169
IRIDIUM 160
1 43569U 18061A   19302.62763626  .00000086  00000-0  23645-4 0  9994
2 43569  86.3987 349.1477 0002404  98.7876 261.3592 14.34217501 66143
IRIDIUM 162
1 43482U 18047G   19302.60451596  .00000108  00000-0  25981-4 0  9990
2 43482  86.4539  20.8288 0002214  84.7388 275.4066 14.43283209 75708
IRIDIUM 110
1 43481U 18047F   19302.61201531  .00000079  00000-0  21312-4 0  9993
2 43481  86.4017  20.7680 0001956  87.5807 272.5613 14.34215794 75241
IRIDIUM 147
1 43480U 18047E   19302.60567878  .00000091  00000-0  25383-4 0  9996
2 43480  86.4014  20.7433 0002452  94.0913 266.0563 14.34217026 75259
IRIDIUM 152
1 43479U 18047D   19302.59933010  .00000100  00000-0  28563-4 0  9991
2 43479  86.4013  20.7825 0002176 104.7002 255.4435 14.34220317 75260
IRIDIUM 161
1 43478U 18047C   19302.61082090  .00000104  00000-0  24889-4 0  9997
2 43478  86.4540  20.9014 0002409  87.8145 272.3332 14.43279007 75718
IRIDIUM 143
1 43258U 18030K   19302.34753801  .00000084  00000-0  23114-4 0  9997
2 43258  86.4023 222.9195 0001391  93.4383 266.6972 14.34217689 82857
IRIDIUM 150
1 43257U 18030J   19302.36656340  .00000088  00000-0  24290-4 0  9998
2 43257  86.4019 222.9195 0001962  80.2280 279.9138 14.34219357 82917
IRIDIUM 142
1 43256U 18030H   19302.32850897  .00000060  00000-0  14314-4 0  9992
2 43256  86.4016 222.8973 0002040  84.8636 275.2792 14.34218283 82865
IRIDIUM 148
1 43255U 18030G   19302.36022854  .00000091  00000-0  25564-4 0  9992
2 43255  86.4019 222.9054 0002198  91.5531 268.5916 14.34218247 82910
IRIDIUM 146
1 43254U 18030F   19302.32217019  .00000087  00000-0  23966-4 0  9995
2 43254  86.4018 222.9128 0001784  92.0837 268.0563 14.34217746 82865
IRIDIUM 145
1 43253U 18030E   19302.34119337  .00000089  00000-0  24893-4 0  9992
2 43253  86.4018 222.8875 0000912 123.7122 236.4161 14.34215870 82851
IRIDIUM 140
1 43252U 18030D   19302.35388933  .00000083  00000-0  22458-4 0  9991
2 43252  86.4018 222.9000 0001310  52.8925 307.2390 14.34218913 82927
IRIDIUM 157
1 43251U 18030C   19302.40462993  .00000084  00000-0  22867-4 0  9990
2 43251  86.4019 222.8649 0002565  88.4378 271.7111 14.34218175 82875
IRIDIUM 149
1 43250U 18030B   19302.31583348  .00000085  00000-0  23252-4 0  9997
2 43250  86.4016 222.9028 0001595  81.4761 278.6615 14.34219406 82888
IRIDIUM 144
1 43249U 18030A   19302.37925423  .00000083  00000-0  22459-4 0  9991
2 43249  86.4017 222.8835 0001778  76.2423 283.8971 14.34217450 82893
IRIDIUM 131
1 43079U 17083K   19302.40804180  .00000077  00000-0  20502-4 0  9999
2 43079  86.3971 254.4644 0002347  81.9424 278.2038 14.34216930 96842
IRIDIUM 153
1 43078U 17083J   19302.37290254  .00000100  00000-0  28720-4 0  9992
2 43078  86.4020 222.8858 0003188  73.8162 286.3384 14.34215482 98012
IRIDIUM 141
1 43077U 17083H   19302.49050306  .00000066  00000-0  16376-4 0  9991
2 43077  86.3965 254.4061 0002496  87.2937 272.8544 14.34217284 96923
IRIDIUM 137
1 43076U 17083G   19302.42707314  .00000068  00000-0  17345-4 0  9990
2 43076  86.3970 254.4695 0002481  95.3764 264.7715 14.34216249 96912
IRIDIUM 134
1 43075U 17083F   19302.62368537  .00000061  00000-0  14703-4 0  9999
2 43075  86.3969 254.3381 0002007  77.9029 282.2391 14.34219577 96871
IRIDIUM 151
1 43074U 17083E   19302.44611069  .00000068  00000-0  17092-4 0  9990
2 43074  86.3968 254.4387 0002396  95.0435 265.1035 14.34214765 96889
IRIDIUM 130
1 43073U 17083D   19302.47148760  .00000083  00000-0  22750-4 0  9999
2 43073  86.3974 254.4632 0002348  86.2787 273.8678 14.34218546 96865
IRIDIUM 116
1 43072U 17083C   19302.43341351  .00000073  00000-0  19098-4 0  9995
2 43072  86.3965 254.4420 0002315  94.8543 265.2917 14.34216363 96910
IRIDIUM 138
1 43071U 17083B   19302.46514404  .00000068  00000-0  17224-4 0  9991
2 43071  86.3956 254.3432 0002360  82.5868 277.5596 14.34218411 96886
IRIDIUM 135
1 43070U 17083A   19302.43975335  .00000064  00000-0  15969-4 0  9991
2 43070  86.3966 254.4249 0001802  93.9831 266.1571 14.34218550 96891
IRIDIUM 125
1 42964U 17061K   19302.60517254  .00000098  00000-0  28095-4 0  9990
2 42964  86.3942 317.6351 0002207  87.0077 273.1372 14.34217953107625
IRIDIUM 139
1 42963U 17061J   19302.54809230  .00000086  00000-0  23708-4 0  9993
2 42963  86.3940 317.6417 0002284  86.0629 274.0828 14.34220188107600
IRIDIUM 136
1 42962U 17061H   19302.54173888  .00000097  00000-0  27424-4 0  9996
2 42962  86.3939 317.6213 0002620  88.4843 271.6653 14.34215271107593
IRIDIUM 132
1 42961U 17061G   19302.57980112  .00000096  00000-0  27279-4 0  9991
2 42961  86.3939 317.6063 0002094  81.5352 278.6081 14.34219253107584
IRIDIUM 107
1 42960U 17061F   19302.57344709  .00000086  00000-0  23664-4 0  9999
2 42960  86.3939 317.6162 0002200  87.0536 273.0911 14.34215798107599
IRIDIUM 119
1 42959U 17061E   19302.55442310  .00000028  00000-0  29291-5 0  9991
2 42959  86.3938 317.6180 0002600  86.0118 274.1375 14.34221150107578
IRIDIUM 129
1 42958U 17061D   19302.58614120  .00000087  00000-0  23896-4 0  9992
2 42958  86.3938 317.6211 0002549  83.7283 276.4203 14.34217328107567
IRIDIUM 122
1 42957U 17061C   19302.56077807  .00000093  00000-0  25997-4 0  9995
2 42957  86.3938 317.5912 0002717  77.5786 282.5714 14.34218664107546
IRIDIUM 100
1 42956U 17061B   19302.59248619  .00000085  00000-0  23386-4 0  9999
2 42956  86.3937 317.5825 0002153  89.5970 270.5472 14.34218280107563
IRIDIUM 133
1 42955U 17061A   19302.59882103  .00000092  00000-0  25902-4 0  9994
2 42955  86.3939 317.6033 0002600  83.7325 276.4167 14.34219813107540
IRIDIUM 121
1 42812U 17039K   19302.52562382  .00000061  00000-0  14693-4 0  9999
2 42812  86.3928 286.0041 0002374  85.8272 274.3195 14.34216986122701
IRIDIUM 128
1 42811U 17039J   19302.56710634  .00000088  00000-0  24368-4 0  9996
2 42811  86.3937 317.5554 0002872  75.7890 284.3624 14.34220475122746
IRIDIUM 124
1 42810U 17039H   19302.35554342  .00000096  00000-0  22592-4 0  9990
2 42810  86.4544 222.8360 0001804  74.7287 285.4113 14.43277980125657
IRIDIUM 126
1 42809U 17039G   19302.57637559  .00000060  00000-0  14233-4 0  9998
2 42809  86.3927 285.9683 0002263  85.6461 274.4993 14.34218764122726
IRIDIUM 117
1 42808U 17039F   19302.55101879  .00000063  00000-0  15333-4 0  9991
2 42808  86.3926 285.9653 0002033  74.6204 285.5216 14.34218091122745
IRIDIUM 118
1 42807U 17039E   19302.39246435  .00000063  00000-0  15520-4 0  9998
2 42807  86.3926 286.0530 0002507  96.0072 264.1410 14.34217056122690
IRIDIUM 115
1 42806U 17039D   19302.42174099  .00000073  00000-0  15601-4 0  9998
2 42806  86.4500 254.2879 0004567 104.0022 256.1686 14.43282496124816
IRIDIUM 120
1 42805U 17039C   19302.45243578  .00000077  00000-0  20527-4 0  9996
2 42805  86.3961 254.5194 0002385  72.8669 287.2788 14.34215186123924
IRIDIUM 123
1 42804U 17039B   19302.57002631  .00000064  00000-0  15741-4 0  9999
2 42804  86.3927 285.9706 0002447  87.1885 272.9591 14.34215309122716
IRIDIUM 113
1 42803U 17039A   19302.45878296  .00000075  00000-0  19681-4 0  9992
2 42803  86.3972 254.4203 0002422  74.9818 285.1646 14.34219502123932
IRIDIUM 111
1 41926U 17003K   19302.61836480  .00000105  00000-0  30503-4 0  9995
2 41926  86.4016  20.7372 0002358  87.2194 272.9271 14.34216843146095
IRIDIUM 112
1 41925U 17003J   19302.63103455  .00000091  00000-0  25333-4 0  9994
2 41925  86.4015  20.7138 0002285 107.1503 252.9943 14.34220096146075
IRIDIUM 108
1 41924U 17003H   19302.60224621  .00000093  00000-0  26148-4 0  9996
2 41924  86.3984 349.2005 0001803  92.1773 267.9629 14.34215795147895
IRIDIUM 114
1 41923U 17003G   19302.36463416  .00000096  00000-0  27055-4 0  9996
2 41923  86.4019  20.8682 0001964 102.2705 257.8711 14.34214293146007
IRIDIUM 104
1 41922U 17003F   19302.63739055  .00000104  00000-0  30093-4 0  9996
2 41922  86.4019  20.7640 0001956  85.2736 274.8683 14.34218257146049
IRIDIUM 105
1 41921U 17003E   19302.59579884  .00000100  00000-0  28788-4 0  9996
2 41921  86.3990 349.1664 0001626  58.7533 301.3821 14.34215766147901
IRIDIUM 102
1 41920U 17003D   19302.62469422  .00000098  00000-0  27871-4 0  9993
2 41920  86.4017  20.7636 0002418  96.5655 263.5817 14.34219155146052
IRIDIUM 109
1 41919U 17003C   19302.58665975  .00000093  00000-0  26046-4 0  9995
2 41919  86.4019  20.8039 0002225  92.3016 267.8434 14.34218784145981
IRIDIUM 103
1 41918U 17003B   19302.58030275  .00000094  00000-0  26517-4 0  9997
2 41918  86.4018  20.7873 0002486  86.3660 273.7820 14.34216199146008
IRIDIUM 106
1 41917U 17003A   19302.59298492  .00000101  00000-0  29182-4 0  9994
2 41917  86.4018  20.8739 0001782  87.2717 272.8682 14.34216398145972
IRIDIUM 97
1 27450U 02031A   19302.57279480  .00000017  00000-0 -86417-6 0  9992
2 27450  86.4193 317.6963 0002115  95.8287 264.3152 14.38539422914383
IRIDIUM 96
1 27376U 02005E   19302.47172836  .00059346 -47324-6  33738-3 0  9996
2 27376  86.3625 265.5213 0169640  81.4417 280.6029 15.61111850946995
IRIDIUM 2
1 25527U 98066A   19302.43017108  .00001294  00000-0  61315-4 0  9995
2 25527  85.5312 241.3244 0010184 137.3116 222.8918 15.18239512148937
IRIDIUM 82
1 25467U 98051A   19302.62223073  .00000920  00000-0  66290-4 0  9995
2 25467  86.4010 345.8471 0179438 186.9087 172.9667 14.90544334115550
IRIDIUM 73
1 25344U 98032C   19302.25188321  .00000128  00000-0  28334-4 0  9990
2 25344  86.4484 197.7268 0002692  78.9793 281.1714 14.49197023132680
IRIDIUM 71
1 25320U 98026B   19302.35056811  .00000098  00000-0  25157-4 0  9992
2 25320  86.4001 237.5879 0003672  54.5796 305.5745 14.39215666127752
IRIDIUM 69
1 25319U 98026A   19302.39696111  .00000036  00000-0  51874-5 0  9995
2 25319  86.4010 242.0920 0001797  24.8861 335.2424 14.38811875127293
IRIDIUM 63
1 25286U 98021B   19302.43296487  .00000105  00000-0  29944-4 0  9999
2 25286  86.4038 223.0230 0002250  89.2202  48.2589 14.34793328128964
IRIDIUM 57
1 25273U 98019B   19302.52952770  .00000075  00000-0  19787-4 0  9996
2 25273  86.3920 286.0024 0002242  91.2723 268.8730 14.34358727129960
IRIDIUM 51
1 25262U 98018A   19302.48266043  .00000756  00000-0  50814-4 0  9991
2 25262  86.3946 290.8873 0207482 141.5612 220.0608 14.88705297138882
IRIDIUM 24
1 25105U 97082B   19302.31214134  .00000100  00000-0  25260-4 0  9993
2 25105  86.3953 230.4205 0012613  28.9964 331.1933 14.39995768147204
IRIDIUM 45
1 25104U 97082A   19302.50382315  .00000587  00000-0  42965-4 0  9990
2 25104  86.3776 278.1920 0216025 144.2554 217.3356 14.84083347145280
IRIDIUM 44
1 25078U 97077B   19302.61931792  .00000119  00000-0  32541-4 0  9995
2 25078  86.4000   7.8430 0001205  33.3236 326.8038 14.38271542147876
IRIDIUM 42
1 25077U 97077A   19302.64029887  .00000071  00000-0  18230-4 0  9996
2 25077  86.4014  20.4576 0002138  79.7032 280.4405 14.34568900146118
IRIDIUM 38
1 25043U 97069E   19302.63330684  .00000142  00000-0  42000-4 0  9990
2 25043  86.4008  16.7241 0002115  55.3882 304.7515 14.36166619150793
IRIDIUM 39
1 25042U 97069D   19302.59382617  .00000105  00000-0  23547-4 0  9991
2 25042  86.3963  10.4012 0017503 323.6508  36.3505 14.46338404151658
IRIDIUM 36
1 24967U 97056C   19302.59312016  .00000093  00000-0  25297-4 0  9998
2 24967  86.3936 315.7047 0002043  96.2911 263.8519 14.35739653156887
IRIDIUM 28
1 24948U 97051E   19302.55203185  .00000080  00000-0  20782-4 0  9994
2 24948  86.3922 284.0260 0002078  80.5160 279.6272 14.35677838158593
IRIDIUM 33
1 24946U 97051C   19302.49116529  .00000079  00000-0  21371-4 0  9993
2 24946  86.3832 284.9541 0006320 319.6736  40.3990 14.33662320157868
IRIDIUM 29
1 24944U 97051A   19302.55178032  .00000064  00000-0  15555-4 0  9996
2 24944  86.3917 285.3132 0002300  95.5123 264.6335 14.34726483158367
DUMMY MASS 2
1 24926U 97048B   19301.78627621  .00000090  00000-0  73144-5 0  9997
2 24926  86.3385   6.4880 0005945 225.8821 134.1915 14.84979806199587
DUMMY MASS 1
1 24925U 97048A   19302.28661458  .00000084  00000-0  65864-5 0  9991
2 24925  86.3384   4.9999 0005522 210.2399 149.8507 14.85212440199831
IRIDIUM 22
1 24907U 97043E   19302.38844691  .00000087  00000-0  23805-4 0  9990
2 24907  86.3963 254.8677 0002267  88.3713 271.7742 14.34315390161703
IRIDIUM 26
1 24903U 97043A   19302.48382078  .00000096  00000-0  26514-4 0  9993
2 24903  86.3963 252.8801 0002244  81.4062 278.7389 14.35375404161945
IRIDIUM 921
1 24873U 97034E   19302.64030486  .00000679  00000-0  36868-4 0  9990
2 24873  86.3964  16.9601 0009863  73.3703 286.8618 15.12543049218716
IRIDIUM 920
1 24871U 97034C   19302.59721915  .00000126  00000-0  33928-4 0  9997
2 24871  86.4007   2.0716 0012475  26.7953 333.3888 14.39610637170707
IRIDIUM 17
1 24870U 97034B   19302.60465877  .00000129  00000-0  37546-4 0  9993
2 24870  86.4009  17.9443 0000492 118.4468 241.6778 14.35901324168210
IRIDIUM 911
1 24842U 97030G   19302.57708432  .00000141  00000-0  34322-4 0  9994
2 24842  86.4478 348.2623 0016674  99.5679 260.7408 14.45124644177777
IRIDIUM 16
1 24841U 97030F   19302.61798483  .00000098  00000-0  26383-4 0  9992
2 24841  86.4051 347.9753 0002417  29.9862 330.1473 14.36850603171706
IRIDIUM 914
1 24836U 97030A   19302.63606267  .00000112  00000-0  29869-4 0  9995
2 24836  86.3921 330.3517 0003491 118.6289 241.5260 14.38895925173249
IRIDIUM 4
1 24796U 97020E   19302.60155110  .00000097  00000-0  26888-4 0  9992
2 24796  86.3921 315.9394 0002254  91.0631 269.0823 14.35221784177288
IRIDIUM 5
1 24795U 97020D   19302.55534097  .00000303  00000-0  30336-4 0  9993
2 24795  86.3927 294.9967 0138111 202.0641 157.4602 14.80157217180415
IRIDIUM 7
1 24793U 97020B   19302.56774609  .00000097  00000-0  27438-4 0  9996
2 24793  86.3930 317.6978 0002286  87.6760 272.4697 14.34297866177090
