MERIDIAN 8
1 44453U 19046A   19302.47271203 -.00000148  00000-0  00000+0 0  9994
2 44453  62.7795 333.7043 7214745 270.5600 258.6657  2.00625102  1829
WGS 10 (USA 291)
1 44071U 19014A   19302.47072965  .00000040  00000-0  00000+0 0  9999
2 44071   0.0719  94.6021 0000489 336.4206 315.7667  1.00269655  2328
TJS-3
1 43874U 18110A   19301.58887392 -.00000010  00000-0  00000+0 0  9992
2 43874   0.0549  67.7629 0007014 154.0056 199.7962  1.00270316  3181
AEHF 4 (USA 288)
1 43651U 18079A   19302.20959906  .00000111  00000-0  00000+0 0  9991
2 43651   4.3371 311.3320 0004604 250.9431 120.4714  1.00279923  3993
YAOGAN-31 C
1 43277U 18034C   19302.38088938 -.00000001  00000-0  14944-3 0  9998
2 43277  63.4105 195.7370 0057999   2.6900 357.4554 13.45191365 76309
YAOGAN-31 B
1 43276U 18034B   19302.38106156 -.00000090  00000-0  00000+0 0  9992
2 43276  63.4073 196.5854 0057755   2.6930 357.4419 13.45189980 76288
YAOGAN-31 A
1 43275U 18034A   19302.38087175 -.00000067  00000-0  37886-4 0  9991
2 43275  63.4084 196.5935 0057811   2.8166 357.3181 13.45190277 76281
SBIRS GEO 4 (USA 282)
1 43162U 18009A   19301.85746632 -.00000311 +00000-0 +00000-0 0  9995
2 43162 005.3991 317.7838 0002173 247.9187 278.9031 01.00271395006546
LKW-3
1 43146U 18006A   19302.42749541  .00001178  00000-0  52476-4 0  9999
2 43146  97.3969  57.3171 0007663 114.3014 330.7073 15.23368265 99599
USA 281
1 43145U 18005A   19297.78970164 0.00000000  00000-0  00000-0 0    04
2 43145 106.0169  88.7953 0002000 234.7475 125.2525 13.48016482    05
COSMOS 2524
1 43032U 17076A   19302.47652156  .00000412  00000-0  35035-3 0  9990
2 43032  67.1480 326.2928 0006704 231.7739 128.2740 13.96821970 97221
YAOGAN-30 F
1 43030U 17075C   19302.47804696  .00000195  00000-0  22759-4 0  9993
2 43030  34.9973  69.2010 0004016  13.7470 346.3356 14.89684725104973
YAOGAN-30 E
1 43029U 17075B   19302.43362566  .00000205  00000-0  23765-4 0  9992
2 43029  34.9962  69.7214 0004890 213.1139 146.9286 14.89683481104983
YAOGAN-30 D
1 43028U 17075A   19302.52223789  .00000214  00000-0  24722-4 0  9998
2 43028  34.9970  69.5329 0002934 285.6584  74.3810 14.89689243105004
BLAGOVEST 11L (COSMOS 2520)
1 42907U 17046A   19302.12580410  .00000125  00000-0  00000+0 0  9993
2 42907   0.0193 145.2222 0000696 145.4988 196.7802  1.00273480  8090
OPTSAT 3000
1 42900U 17044A   19246.85090564 0.00000950  00000-0  36588-4 0    01
2 42900  97.3148 317.3490 0024083 346.7320  13.2679 15.26114172    06
COSMOS 2519
1 42798U 17037A   19301.89648155 +.00028798 +00000-0 +36930-3 0  9996
2 42798 097.8185 034.3188 0212707 083.5795 278.9418 15.36685229128897
COSMOS 2518
1 42719U 17027A   19302.19653091 -.00000513  00000-0  00000+0 0  9998
2 42719  63.2859 195.4449 6711973 266.5763 118.1292  2.00655933 17783
IGS RADAR-5
1 42072U 17015A   19274.84573830 0.00000000  00000-0  00000-0 0    03
2 42072  97.3598 344.0944 0003501  39.0817 320.9182 15.25979852    01
USA 274
1 42058U 17011A   19297.77269503 0.00000000  00000-0  00000-0 0    09
2 42058  63.4540 210.3345 0036610 171.6008 188.3992 13.40789723    04
GOKTURK-1A
1 41875U 16073A   19302.37994882  .00000018  00000-0  12595-4 0  9992
2 41875  98.1164 194.8846 0001313  70.6974 289.4356 14.62792193154637
OFEQ 11
1 41759U 16056A   19166.08673945 0.00000000  00000-0  00000-0 0    02
2 41759 141.9552  39.2005 0006334  76.5401 283.4591 15.34623288    07
SJ 16-02
1 41634U 16043A   19302.42140299  .00000092  00000-0  13711-4 0  9996
2 41634  75.0029 146.4832 0007595 141.5034 218.6715 14.85614461180789
MUOS 5
1 41622U 16041A   19301.60650932 -.00000179  00000-0  00000+0 0  9999
2 41622   7.7381 309.6936 0205553 213.1686 347.2048  1.00271445 12764
CARTOSAT 2C
1 41599U 16040A   19302.46672696  .00000645  00000-0  33831-4 0  9997
2 41599  97.4839 359.6543 0012567 302.1570 153.3073 15.19243391185873
USA 268
1 41584U 16036A   19267.67595195 0.00000000  00000-0  00000-0 0    03
2 41584   6.8091 351.6102 0050175  51.4877 308.9303  1.00270000    02
YAOGAN 30
1 41473U 16029A   19302.37596892  .00000024  00000-0  10780-4 0  9997
2 41473  97.8963 355.4534 0017451 125.5814 234.7021 14.76282136186202
COSMOS 2515 (BARS-M 2)
1 41394U 16020A   19302.43542920 -.00000016  00000-0  37378-5 0  9995
2 41394  97.7535 240.6159 0034363 174.7380 185.4215 14.98809405196825
USA 267
1 41334U 16010A   19298.15951299 0.00000000  00000-0  00000-0 0    06
2 41334 122.9988 234.1864 0002762  81.4530 278.5470 13.41428295    04
COSMOS 2513
1 41121U 15075A   19301.96111606 -.00000150 +00000-0 +10000-3 0  9992
2 41121 000.0596 100.6638 0001981 134.5733 228.0531 01.00271494014307
YAOGAN 29
1 41038U 15069A   19302.40675399  .00000059  00000-0  14586-4 0  9997
2 41038  97.9896 286.0739 0000656  45.0496 315.0775 14.80423108211942
COSMOS 2510
1 41032U 15066A   19301.86134231 -.00001089  00000-0  00000+0 0  9998
2 41032  63.0712 275.6290 7014676 270.0681  56.3030  2.00621139 28918
YAOGAN 28
1 41026U 15064A   19302.55874050  .00001170  00000-0  52023-4 0  9993
2 41026  97.4250  71.3339 0002058 124.1341 299.0569 15.23481929221783
CHINASAT 2C (ZX 2C)
1 41021U 15063A   19302.49638244 -.00000335  00000-0  00000+0 0  9999
2 41021   0.0257 301.3456 0002988  31.4894 346.8336  1.00271722 14710
USA 264
1 40964U 15058A   19297.72184313 0.00000000  00000-0  00000-0 0    02
2 40964  63.4322 133.8143 0008154  91.8918 268.1082 13.40787269    06
COSMOS 2508
1 40922U 15050C   19302.09308292  .00000032  00000-0  15799-3 0  9995
2 40922  82.4856 147.6508 0015302 281.5563  78.3812 12.42876918185869
COSMOS 2508
1 40921U 15050B   19302.46671847  .00000012  00000-0  13483-4 0  9991
2 40921  82.4856 147.3523 0013368 267.5211  92.4349 12.42892288185901
COSMOS 2507
1 40920U 15050A   19302.44022328  .00000003  00000-0 -52765-4 0  9999
2 40920  82.4913 147.9259 0008505 230.1706 129.8626 12.42870719185917
MUOS 4
1 40887U 15044A   19302.41882968 -.00000108  00000-0  00000+0 0  9991
2 40887   3.2225 338.8812 0052668 357.5481 286.8610  1.00271745 15279
YAOGAN 27
1 40878U 15040A   19302.42342551 -.00000043  00000-0  00000+0 0  9995
2 40878 100.2719 352.9710 0008674  39.1662 321.0078 13.15963119200493
WGS F7 (USA 263)
1 40746U 15036A   19302.43889394  .00000007  00000-0  00000+0 0  9995
2 40746   0.0133 257.9831 0000211 224.2686 248.2811  1.00273503 15585
COSMOS 2506
1 40699U 15029A   19302.43176998 -.00000028  00000-0  43670-5 0  9993
2 40699  98.4058 349.4688 0010797 113.9639 246.2696 14.54191633230863
SICRAL 2
1 40614U 15022B   19235.38139867 0.00000000  00000-0  00000-0 0    03
2 40614   0.0330 145.5532 0003453  95.0849 264.9743  1.00270000    03
COSMOS 2504
1 40555U 15020D   19301.97450592 +.00000039 +00000-0 +11709-4 0  9996
2 40555 082.5156 299.7330 0588809 008.7719 352.3182 13.52250815220832
IGS OPTICAL 5
1 40538U 15015A   19259.91895567 0.00000000  00000-0  00000-0 0    01
2 40538  97.4422 333.3977 0003112  55.3347 304.6651 15.17646091    04
COSMOS 2503
1 40420U 15009A   19302.41429874  .00000680  00000-0  61324-4 0  9993
2 40420  97.8698 275.3735 0009829  59.2709 300.9498 14.98878260255481
IGS 9A
1 40381U 15004A   19274.81421169 0.00000000  00000-0  00000-0 0    04
2 40381  97.3600 344.4620 0002096 264.9338  95.0660 15.27649494    05
COSMOS 2502
1 40358U 14086A   19302.48750170 -.00000051  00000-0  17041-4 0  9990
2 40358  67.1526 143.3372 0007697 272.3605  87.6603 13.97424584247130
KONDOR E
1 40353U 14084A   19301.84244798 +.00004406 +00000-0 +10975-3 0  9991
2 40353 074.7406 173.0555 0000381 250.3058 109.8114 15.40508940271725
USA 259
1 40344U 14081A   19289.95767003 0.00000526  00000-0  00000-0 0    01
2 40344  63.4408 358.0868 7184845 269.5721  15.5423  2.00643946    03
MERIDIAN 7
1 40296U 14069A   19301.58112800  .00000137  00000-0  00000+0 0  9990
2 40296  62.8973 148.4614 6821311 273.6328 346.5970  2.00590237 36606
SJ-11-08
1 40286U 14066A   19302.35935792  .00000059  00000-0  21069-4 0  9991
2 40286  98.0723  63.6301 0012037 265.9518  94.0308 14.61729239266944
USA 255
1 40101U 14043C   19301.78109425 -.00000154  00000-0  00000+0 0  9998
2 40101   3.5907  74.5581 0013297 259.2691 100.2591  0.98723303  1372
USA 254
1 40100U 14043B   19301.52270032  .00000041  00000-0  00000+0 0  9996
2 40100   0.0077 182.5982 0001400  73.6515 197.8932  1.00397899  3455
USA 253
1 40099U 14043A   19297.67862106 -.00000128  00000-0  00000+0 0  9999
2 40099   0.0981 101.2593 0001797 221.0195  32.7937  1.00270631  3719
USA 252
1 39751U 14027A   19289.93612203 0.00000000  00000-0  00000-0 0    07
2 39751   2.5182 172.2059 0004441 332.5792  27.3994  1.00270000    09
USA 250 (NROL-67)
1 39652U 14020A   19267.72126365 0.00000000  00000-0  00000-0 0    02
2 39652   1.5254 344.9056 0003000  37.3593 322.6914  1.00270000    05
OFEQ 10
1 39650U 14019A   14108.11152156  .00093269  00000-0  27218-2 0    08
2 39650 140.9409 255.1115 0154412 132.0167 229.3866 15.23337433    09
ATHENA-FIDUS
1 39509U 14006B   19302.48320983  .00000143  00000-0  00000+0 0  9996
2 39509   0.0139 276.1271 0001263 294.8264  38.3421  1.00273641 21204
COSMOS 2490
1 39485U 13076C   19302.17452355  .00000037  00000-0  19291-3 0  9998
2 39485  82.4820 238.4648 0022000 354.8020   5.2818 12.42872085265091
COSMOS 2489
1 39484U 13076B   19302.44152047  .00000019  00000-0  67292-4 0  9997
2 39484  82.4885 239.1569 0021945 340.1495  19.8720 12.42870309265182
COSMOS 2488
1 39483U 13076A   19302.38925945  .00000017  00000-0  54888-4 0  9999
2 39483  82.4839 238.5517 0020210 339.6211  20.4061 12.42893494265118
USA 247 (NROL-39)
1 39462U 13072A   19297.78695349 0.00000000  00000-0  00000-0 0    09
2 39462 123.0069  52.7009 0005895 131.9337 228.0663 13.41417917    09
RADUGA-1M 3
1 39375U 13062A   19302.24493741  .00000145  00000-0  10000-3 0  9992
2 39375   0.0495  81.5467 0001962 225.7292 213.2210  1.00274172 21834
AEHF-3 (USA 246)
1 39256U 13050A   19301.88521561 -.00000195 +00000-0 +00000-0 0  9990
2 39256 000.9095 323.0357 0001926 352.8009 192.0115 01.00272397021371
GSAT-7 (INSAT 4F)
1 39234U 13044B   19302.14979894 -.00000088  00000-0  00000+0 0  9995
2 39234   0.0957 100.4228 0007380 165.5977 259.1101  1.00271458 22606
NROL-65 (USA 245)
1 39232U 13043A   15154.10114304  .00008711  00000-0  94790-4 0    03
2 39232  97.9078 217.3007 0539329 260.4748  93.5146 14.74280940    00
WGS F6 (USA 244)
1 39222U 13041A   19302.51803742  .00000078  00000-0  00000+0 0  9996
2 39222   0.0208 263.7363 0000098 150.3713  34.7570  1.00270109 22771
MUOS-2
1 39206U 13036A   19302.16872417 -.00000142  00000-0  00000+0 0  9991
2 39206   2.7751 349.7851 0052369 355.7913  12.4087  1.00270824 23011
COSMOS 2487
1 39194U 13032A   19302.15481544  .00003546  00000-0  90478-4 0  9992
2 39194  74.7107 165.4397 0001778 141.8251 218.3087 15.39865839354305
COSMOS 2486
1 39177U 13028A   19302.41814346 -.00000003  00000-0  92973-5 0  9996
2 39177  98.0266 350.1371 0011441  10.3595 349.7839 14.54696393339035
WGS F5 (USA 243)
1 39168U 13024A   19302.03455529 -.00000296  00000-0  00000+0 0  9992
2 39168   0.0113 239.2741 0000118 227.9289 249.8134  1.00270782 23532
SBIRS GEO 2 (USA 241)
1 39120U 13011A   19301.97741575  .00000107  00000-0  00000+0 0  9997
2 39120   2.4065 335.3770 0003089 247.3617 186.7817  1.00272880 24295
SAPPHIRE
1 39088U 13009C   19301.88719523 -.00000007 +00000-0 +13074-4 0  9995
2 39088 098.4858 142.7520 0010282 254.7703 105.2346 14.34198192349148
IGS 8A
1 39061U 13002A   19241.96625935 0.00000000  00000-0  00000-0 0    00
2 39061  97.4934   0.4647 0001000 335.4424  24.5574 15.17614380    07
COSMOS 2484
1 39059U 13001C   19302.45734055  .00000036  00000-0  18777-3 0  9991
2 39059  82.4991 288.2214 0024186 282.1724  77.6650 12.42884944307798
COSMOS 2483
1 39058U 13001B   19301.79382957 +.00000046 +00000-0 +25673-3 0  9990
2 39058 082.4960 285.1455 0015077 271.9561 087.9796 12.43956223307976
COSMOS 2482
1 39057U 13001A   19301.70015722 +.00000042 +00000-0 +23164-3 0  9992
2 39057 082.4944 287.9530 0026142 273.0785 086.7308 12.42902512307716
SKYNET 5D
1 39034U 12075A   19301.82410378  .00000088  00000-0  00000+0 0  9996
2 39034   0.0805 351.3174 0003925 220.4402 174.5646  1.00269913 25226
PLEIADES 1B
1 39019U 12068A   19302.34592835 -.00000030  00000-0  33365-5 0  9992
2 39019  98.1870  15.1706 0001221  86.9324 273.2017 14.58558201367686
MERIDIAN 6
1 38995U 12063A   19301.30254633  .00000090  00000-0  10000-3 0  9999
2 38995  65.3897 249.5131 6548376 267.4176 303.8157  2.00585578 50935
USA 238
1 38758U 12048A   19297.76816228 0.00000000  00000-0  00000-0 0    07
2 38758  63.4373 273.8916 0104083   2.4025 357.5975 13.40790031    03
COSMOS 2481
1 38733U 12041A   19301.71024151 +.00000015 +00000-0 +41857-4 0  9992
2 38733 082.4728 146.0808 0018207 316.0031 043.9598 12.42379170328890
USA 237
1 38528U 12034A   19264.02309229 0.00000000  00000-0  00000-0 0    08
2 38528   1.7943  60.4867 0048672 336.6906  23.0911  1.00270000    09
USA 236
1 38466U 12033A   19264.44702102 0.00000000  00000-0  00000-0 0    01
2 38466   1.9397 136.9985 0013478 160.1585 199.9089  1.00270000    03
YAOGAN 15
1 38354U 12029A   19302.41853113 -.00000038  00000-0  18714-4 0  9995
2 38354 100.5417  76.3443 0025500  22.3710 337.8516 13.18251387356205
CHINASAT 2A
1 38352U 12028A   19302.49533561 -.00000304  00000-0  00000+0 0  9992
2 38352   0.0577  71.3692 0003327 269.7473 333.0153  1.00271503 27346
YAOGAN 14
1 38257U 12021A   19302.40024162  .00001095  00000-0  48821-4 0  9997
2 38257  97.4150  71.7375 0001256  92.5317 352.9770 15.23510347417066
AEHF 2 (USA 235)
1 38254U 12019A   19301.88808615 -.00000285 +00000-0 +00000-0 0  9999
2 38254 001.7128 036.4764 0003257 155.2210 097.4617 01.00271467026556
RISAT 1
1 38248U 12017A   19302.51388308  .00000607  00000-0  41345-4 0  9991
2 38248  97.5704 309.5756 0003468 341.9616  18.1490 15.09913321413639
USA 234
1 38109U 12014A   12097.24217397  .00000000  00000-0  00000-0 0    06
2 38109 122.9820 224.3613 0011938 300.1552  59.8228 13.45796211    09
COSMOS 2479
1 38101U 12012A   19301.79587774 +.00000100 +00000-0 +00000-0 0  9998
2 38101 003.3549 072.3587 0007171 230.4758 210.6895 01.00331118027778
MUOS
1 38093U 12009A   19302.20918541  .00000051  00000-0  00000+0 0  9995
2 38093   2.5857 359.5446 0058452 182.0532 113.9443  1.00271852 28150
WGS F4 (USA 233)
1 38070U 12003A   19301.87342375 -.00000226 +00000-0 +00000-0 0  9998
2 38070 000.0178 251.0173 0000224 217.7378 330.9855 01.00268720019849
PLEIADES 1
1 38012U 11076F   19302.38040778 -.00000045  00000-0  79013-7 0  9998
2 38012  98.1884  15.2390 0001462  89.7455 270.3915 14.58560502418832
ELISA E12
1 38010U 11076D   19272.88296576 0.00000090  00000-0  16786-4 0    03
2 38010  97.9447 331.5620 0002001 318.5630  41.4369 14.65092170    05
ELISA W23
1 38009U 11076C   19270.83423470 0.00000090  00000-0  16786-4 0    09
2 38009  97.9452 327.0234 0002000 326.1180  33.8819 14.65091475    06
ELISA E24
1 38008U 11076B   19272.88312179 0.00000100  00000-0  18650-4 0    02
2 38008  97.9439 331.5633 0002691 324.7604  35.2394 14.65092481    06
ELISA W11
1 38007U 11076A   19270.83408222 0.00000090  00000-0  16786-4 0    05
2 38007  97.9472 327.0322 0002500 336.1062  23.8937 14.65091495    01
IGS 7A
1 37954U 11075A   19274.84760033 0.00000000  00000-0  00000-0 0    09
2 37954  97.4572 350.1598 0002397 355.5862   4.4136 15.17639409    03
YAOGAN 13
1 37941U 11072A   19302.40206491  .00000848  00000-0  44918-4 0  9996
2 37941  97.5332 233.5709 0002891 115.6343  20.4072 15.18119466438762
YAOGAN 12
1 37875U 11066B   19302.41363662  .00001103  00000-0  49113-4 0  9997
2 37875  97.4148  15.9643 0007842 231.0910 190.4963 15.23551956443678
TACSAT 4
1 37818U 11052A   19301.46704213 -.00000555 +00000-0 -82540-3 0  9996
2 37818 063.1501 286.7718 4594154 222.0958 342.4873 06.02767527177877
IGS 6A
1 37813U 11050A   19241.97698759 0.00000000  00000-0  00000-0 0    09
2 37813  97.7659 356.7800 0004090  28.5839 331.4159 14.93593816    09
COSMOS 2473
1 37806U 11048A   19302.42966037 -.00000119  00000-0  00000+0 0  9991
2 37806   0.0672  91.3299 0003728 153.2651 294.0784  1.00271435 29779
SBIRS GEO 1 (USA 230)
1 37481U 11019A   19301.84289791 -.00000023 +00000-0 +00000-0 0  9993
2 37481 002.3374 335.1744 0002265 234.5811 196.8024 01.00272280031130
MERIDIAN 4
1 37398U 11018A   19301.68815314 -.00000031 +00000-0 +10000-3 0  9990
2 37398 064.2624 066.0199 7195366 255.3498 233.8378 02.00616338062168
USA 229
1 37386U 11014A   19296.10308008 0.00000000  00000-0  00000-0 0    04
2 37386  63.4525 353.1742 0144630 358.4985   1.5015 13.40792299    07
USA 227
1 37377U 11011A   19261.42255959 0.00000000  00000-0  00000-0 0    04
2 37377   4.4965   8.1445 0004226 176.5349 183.4816  1.00270000    09
USA 225
1 37364U 11006A   14013.71270803  .00000002  00000-0  50000-5 0    03
2 37364  90.0107  32.1378 0013119 273.4615  86.5013 13.11494704    06
USA 224
1 37348U 11002A   19239.00965638 0.00010600  00000-0  95384-4 0    03
2 37348  97.9000 349.1166 0536016 134.6567 225.3431 14.78336728    04
USA 223
1 37232U 10063A   19267.12558338 0.00000000  00000-0  00000-0 0    00
2 37232   3.6742 144.0666 0038684 149.5473 210.6431  1.00270000    07
SKYMED 4
1 37216U 10060A   19302.42309404  .00000024  00000-0  95912-5 0  9994
2 37216  97.8913 123.9421 0001293  77.6741 282.4621 14.82151501485759
MERIDIAN 3
1 37212U 10058A   19302.47842216  .00000035  00000-0  10000-3 0  9990
2 37212  63.6234 328.2897 6964029 273.7429 265.3802  2.00612709 65857
COSMOS 2469
1 37170U 10049A   19300.17564405  .00001272  00000-0  00000+0 0  9998
2 37170  64.6042 158.5085 7045165 252.6774 349.2451  2.00295767 66474
SBSS (USA 216)
1 37168U 10048A   19302.49162803  .00000064  00000-0  14830-4 0  9996
2 37168  97.9393 160.9445 0001192  51.3993  11.9933 14.81535139491313
USA 215
1 37162U 10046A   19297.74942195 0.00000060  00000-0  10745-3 0    08
2 37162 123.0063 322.9594 0003001 152.7592 207.2407 13.41425311    02
AEHF 1 (USA 214)
1 36868U 10039A   19301.83051042 +.00000018 +00000-0 +00000-0 0  9990
2 36868 002.1956 102.1710 0002083 084.7230 152.9783 01.00273436029355
YAOGAN 10
1 36834U 10038A   19302.40096324  .00000060  00000-0  14600-4 0  9990
2 36834  97.9724 301.8918 0001491  77.5552 282.5831 14.80938340498381
OFEQ 9
1 36608U 10031A   19275.12112227 0.00001300  00000-0  50238-4 0    09
2 36608 141.7325 179.7452 0003000  29.7193 330.2800 15.25346916    05
COMSATBW-2
1 36582U 10021B   19302.28730083  .00000077  00000-0  00000+0 0  9997
2 36582   0.0438  81.1834 0001781 137.4900 295.2957  1.00269473 34690
COSMOS 2463
1 36519U 10017A   19302.49285162 -.00000015  00000-0 -33503-4 0  9991
2 36519  82.9619 229.3365 0036820  13.6418 346.5724 13.71437405475937
RADUGA 1M-2
1 36358U 10002A   19302.42092333 -.00000195  00000-0  00000+0 0  9994
2 36358   0.0292 250.9987 0002915   9.9064  13.1120  1.00272799 35716
HELIOS 2B
1 36124U 09073A   19275.09161625 0.00000070  00000-0  13421-4 0    04
2 36124  98.1262 209.7814 0003835 112.0231 247.9768 14.63843897    02
WGS F3 (USA 211)
1 36108U 09068A   19302.13452117 -.00000108  00000-0  00000+0 0  9999
2 36108   0.0132 233.8119 0000511 245.8020 313.9786  1.00270064 36221
IGS 5A
1 36104U 09066A   19270.90684779 0.00000000  00000-0  00000-0 0    07
2 36104  97.6215 336.1649 0004357 131.7244 228.2755 14.93725596    01
COSMOS 2455
1 36095U 09063A   19302.48287415 -.00000065  00000-0  73285-5 0  9997
2 36095  67.1502  23.0109 0005926 239.7733 120.2766 13.96759607506959
DMSP 5D-3 F18 (USA 210)
1 35951U 09057A   19302.59912189  .00000014  00000-0  30021-4 0  9998
2 35951  98.6287 295.5253 0010318 315.0970  44.9368 14.13226719517254
COMSATBW-1
1 35943U 09054B   19302.39424373  .00000013  00000-0  00000+0 0  9995
2 35943   0.0697  87.5827 0002211 133.6641  21.1603  1.00273503 36963
STSS DEMO 2 (USA 209)
1 35938U 09052B   19297.77644051 0.00000000  00000-0  00000-0 0    09
2 35938  57.9882 219.5722 0014651 102.8232 257.1768 12.79491887    04
STSS DEMO 1 (USA 208)
1 35937U 09052A   19297.78692230 0.00000000  00000-0  00000-0 0    01
2 35937  57.9856 219.2350 0017611 106.8044 253.1956 12.79334910    00
USA 207
1 35815U 09047A   19264.63945905 0.00000000  00000-0  00000-0 0    08
2 35815   0.0520 277.3532 0040314  11.8719 348.4258  1.00270000    03
COSMOS 2454
1 35635U 09039A   19302.43453751  .00000049  00000-0  27177-4 0  9991
2 35635  82.9554  63.6329 0019328 354.4104   5.6836 13.89645086521084
COSMOS 2453
1 35500U 09036C   19301.70723024 +.00000007 +00000-0 -23343-4 0  9997
2 35500 082.4871 153.3734 0007747 043.4145 316.7543 12.41461476467380
COSMOS 2452
1 35499U 09036B   19302.11790061  .00000033  00000-0  16603-3 0  9993
2 35499  82.4883 148.5876 0016633  26.0273 334.1639 12.42920185467878
COSMOS 2451
1 35498U 09036A   19302.08538742 -.00000049  00000-0 -43539-3 0  9991
2 35498  82.4869 155.8242 0008215  72.2327 287.9563 12.40819050467180
MERIDIAN 2
1 35008U 09029A   19301.92604845  .00000252  00000-0  42018-3 0  9995
2 35008  63.2002 252.1818 7234071 249.4755  24.1987  2.24563177 85458
STSS ATRR (USA 205)
1 34903U 09023A   19270.96158580 0.00000100  00000-0  60380-4 0    09
2 34903  98.9409   6.9120 0006276  45.7654 314.2345 14.06615069    00
SICRAL 1B
1 34810U 09020A   19275.07934307 0.00000000  00000-0  00000-0 0    07
2 34810   0.0706  50.8241 0005003  57.9479 302.1507  1.00270000    08
RISAT-2
1 34807U 09019A   19302.31899322  .00005325  00000-0  14207-3 0  9995
2 34807  41.2135 236.8939 0004653 162.5869 335.3386 15.38760091591056
WGS F2 (USA 204)
1 34713U 09017A   19302.12885736  .00000037  00000-0  00000+0 0  9999
2 34713   0.0149 259.0128 0000411 172.7827  71.9283  1.00270139 38645
RADUGA-1 8
1 34264U 09010A   19301.57388841 +.00000106 +00000-0 +00000-0 0  9994
2 34264 007.3743 061.2615 0012633 325.4621 074.3369 00.99821728038980
SPIRALE B
1 33752U 09008D   19301.61834985  .00000845  00000-0  24624-3 0  9993
2 33752   1.9518 277.0494 6911934 202.7906  99.2687  2.75062217 98389
SPIRALE A
1 33751U 09008C   19301.63468322  .00000088  00000-0  54771-3 0  9997
2 33751   2.0797  67.6904 5393789 263.2497  35.6907  4.58717996150502
USA 202
1 33490U 09001A   19263.96925603 0.00000000  00000-0  00000-0 0    03
2 33490   5.5934  32.5603 0016745  12.0365 348.0290  1.00270000    02
SKYMED 3
1 33412U 08054A   19302.46103237 -.00000160  00000-0 -13599-4 0  9991
2 33412  97.8898 123.9799 0001268  83.9127 276.2264 14.82146692595675
COSMOS 2441
1 33272U 08037A   19302.51045190 -.00000006  00000-0  90036-5 0  9995
2 33272  98.0115 274.9686 0015183 244.4644 115.4982 14.51812861596435
SAR LUPE 5
1 33244U 08036A   19240.95498013 0.00000550  00000-0  20449-4 0    04
2 33244  98.1018 143.4057 0001999 344.5892  15.4107 15.27554408    01
COSMOS 2440
1 33108U 08033A   19302.41935309 -.00000127  00000-0  00000+0 0  9998
2 33108   6.0987  54.6577 0006243 197.5520  13.3067  1.00283370 41510
SKYNET 5C
1 33055U 08030A   19302.10484140 -.00000151  00000-0  00000+0 0  9991
2 33055   0.0651   7.8771 0004792 210.4212 198.7955  1.00272042 41607
SAR LUPE 4
1 32750U 08014A   19237.01232593 0.00000562  00000-0  20920-4 0    00
2 32750  98.1588   7.8397 0001929 355.9784   4.0215 15.27516163    03
USA 200
1 32706U 08010A   19275.74832471 0.00000000  00000-0  00000-0 0    00
2 32706  63.1830 242.4552 6848393 272.2797  17.3256  2.00610000    05
USA 198
1 32378U 07060A   19204.96281779 0.00000500  00000-0  00000-0 0    09
2 32378  62.8345 112.9663 7207607 266.8618  16.3448  2.00656800    00
SKYMED 2
1 32376U 07059A   19302.41044186  .00000233  00000-0  35875-4 0  9995
2 32376  97.8902 123.9305 0001417  82.9842 277.1543 14.82149997643205
STAR ONE C1
1 32293U 07056A   19301.81672713 -.00000288 +00000-0 +00000-0 0  9995
2 32293 000.0058 169.2947 0002472 046.4767 050.1370 01.00270864027475
USA 197
1 32287U 07054A   19273.78816255 0.00000000  00000-0  00000-0 0    05
2 32287   5.6714  67.3910 0002622 275.8687  84.1133  1.00286754    01
SAR LUPE 3
1 32283U 07053A   19237.92954707 0.00001000  00000-0  37194-4 0    00
2 32283  98.0970 139.3480 0001500 354.1924   5.8074 15.27543532    06
COSMOS 2429
1 32052U 07038A   19301.82300813  .00000044  00000-0  30078-4 0  9999
2 32052  82.9835 191.5208 0038751 159.7108 200.5599 13.74919555608722
USA 194
1 31701U 07027A   19295.14464890 0.00000000  00000-0  00000-0 0    03
2 31701  63.3993  57.8062 0262660  19.8553 340.1447 13.40789146    04
OFEQ 7
1 31601U 07025A   19295.16514696 0.00001900  00000-0  71762-4 0    09
2 31601 141.7143 183.4786 0007998 328.6831  31.3161 15.26079120    03
SKYMED 1
1 31598U 07023A   19302.44418038 -.00000180  00000-0 -16106-4 0  9994
2 31598  97.8907 123.9635 0001361  87.3436 272.7934 14.82153366670465
INSAT 4B
1 30793U 07007A   19302.59328337 -.00000176  00000-0  00000+0 0  9995
2 30793   0.0893  95.3771 0008435 162.9536  75.9344  1.00270869 46261
CFESAT
1 30777U 07006F   19302.52717753  .00003273  00000-0  93606-4 0  9992
2 30777  35.4263 355.0338 0006005 250.4521 109.5557 15.35613568700761
FALCONSAT 3
1 30776U 07006E   19301.46850921  .00003568  00000-0  98479-4 0  9998
2 30776  35.4353 329.3834 0003399 235.5207 124.5198 15.36690769700962
STPSAT 1
1 30775U 07006D   19302.50029925  .00001714  00000-0  64531-4 0  9998
2 30775  35.4325  98.7691 0002390 149.2341 210.8523 15.27265833699685
OE (NEXTSAT)
1 30774U 07006C   19302.14407553  .00002565  00000-0  65905-4 0  9995
2 30774  46.0020 273.7574 0005165  61.3812 298.7611 15.42677238704930
MIDSTAR 1
1 30773U 07006B   19301.56210698  .00002118  00000-0  45310-4 0  9993
2 30773  46.0647 338.4474 0002612 109.6628 250.4562 15.49122954708747
MERIDIAN 1
1 29668U 06061A   19301.11285660  .00007078  00000-0  31364-2 0  9998
2 29668  62.8187 327.7699 7501034 234.1505  31.8444  2.00543260 94074
SAR LUPE 1
1 29658U 06060A   19182.01231867 0.00000000  00000-0  00000-0 0    04
2 29658  98.1348 308.7516 0004000  67.3057 292.6941 15.27506475    02
KOREASAT 5
1 29349U 06034A   19302.49830163 -.00000369  00000-0  00000+0 0  9997
2 29349   0.0128 263.3897 0001920 277.1221 149.4971  1.00270949 48348
COSMOS 2422
1 29260U 06030A   19301.90815414  .00007429 -49740-4  00000+0 0  9994
2 29260  63.3435  82.8686 7341302 242.2653 352.2579  2.31180158 97296
USA 184
1 29249U 06027A   19296.46291431 0.00000000  00000-0  00000-0 0    01
2 29249  62.8814 181.8337 6798479 271.1997  17.9100  2.00600757    09
USA 188
1 29241U 06024B   19290.25020997 0.00000000  00000-0  00000-0 0    08
2 29241   7.3452  53.5124 0007421  84.3305 275.7661  0.98854922    09
USA 187
1 29240U 06024A   19290.41597722 0.00000000  00000-0  00000-0 0    00
2 29240   2.5767  80.6891 0013741 192.0650 167.9138  0.98605021    03
EROS B
1 29079U 06014A   19302.40436559  .00002329  00000-0  98503-4 0  9994
2 29079  97.4338  59.9911 0004068  44.4241  41.6138 15.24216223749915
SPAINSAT
1 28945U 06007A   19301.98035122 -.00000227  00000-0  00000+0 0  9996
2 28945   0.0241 235.4034 0005629 344.2467 140.3359  1.00270282 49932
GONETS D1M 1
1 28909U 05048B   19301.75518834  .00000034  00000-0  14770-3 0  9999
2 28909  82.4695  58.9751 0007940 163.1557 196.9796 12.55184908634639
USA 182
1 28646U 05016A   19295.77636830 0.00000000  00000-0  00000-0 0    07
2 28646  57.0151 166.4768 0005967 117.3211 242.6788 14.51896501    05
USA 181
1 28537U 05004A   19297.77514666 0.00000000  00000-0  00000-0 0    07
2 28537  63.4248 156.1882 0343379 357.6802   2.3198 13.40792232    01
ESSAIM-4
1 28497U 04049F   15200.12166197 0.00000300  00000-0  38805-4 0    02
2 28497  98.2951 263.0755 0003500  45.4013 314.5985 14.80969146    02
ESSAIM-3
1 28496U 04049E   13076.99110768 0.00000670  00000-0  83235-4 0    05
2 28496  98.3466 108.1153 0009522 185.6581 174.3418 14.82628082    07
ESSAIM-2
1 28495U 04049D   19239.93453445 0.00000100  00000-0  13590-4 0    02
2 28495  98.1871 345.4388 0001003 348.8109  11.1889 14.78892008    01
ESSAIM-1
1 28494U 04049C   19184.04173496 0.00000200  00000-0  27422-4 0    07
2 28494  98.2899 300.8743 0002689 108.1100 251.8899 14.78513780    01
HELIOS-2A
1 28492U 04049A   19275.12506917 0.00000020  00000-0  38371-5 0    09
2 28492  98.1461 209.9014 0003000  33.6693 326.3306 14.63817725    01
USA 179
1 28384U 04034A   19275.50819390 0.00000000  00000-0  00000-0 0    08
2 28384  63.4345 198.1537 7039317 271.4972  16.0832  2.00609200    07
USA 176
1 28158U 04004A   19302.29216258 -.00000227  00000-0  00000+0 0  9993
2 28158   8.8702  40.5275 0000640   4.7498 184.5679  1.00274089  7318
UFO 11 (USA 174)
1 28117U 03057A   19302.34720895 -.00000110  00000-0  00000+0 0  9999
2 28117   5.8408  37.0626 0003678 252.4693 308.1880  1.00272134 58129
USA 173
1 28095U 03054A   19297.78307690 0.00000000  00000-0  00000-0 0    07
2 28095  63.4198 276.1759 0384003 358.7788   1.2212 13.41380360    05
USA 171
1 27937U 03041A   19273.94304703 0.00000000  00000-0  00000-0 0    01
2 27937  10.8226  56.8168 0045045 219.1839 140.4992  1.00270000    03
USA 169
1 27711U 03012A   19302.35657545 -.00000015  00000-0  00000+0 0  9995
2 27711   8.7206  46.3922 0002518 162.8790 196.4832  1.00270192  7358
COSMOS 2392
1 27470U 02037A   19301.87068425 -.00000084 +00000-0 -18559-3 0  9991
2 27470 063.4211 227.7203 0494925 352.2956 061.8708 12.06783379760848
USA 164
1 27168U 02001A   19301.79809769  .00000092  00000-0  00000+0 0  9996
2 27168   8.5374  32.8753 0002226 161.9371 148.3044  1.00269785  7347
USA 162
1 26948U 01046A   19290.77922521 0.00000000  00000-0  00000-0 0    09
2 26948  10.4532  46.4763 0010484 195.1477 164.8327  1.00270000    08
USA 160
1 26905U 01040A   19298.19578723 0.00000000  00000-0  00000-0 0    01
2 26905  63.4037 356.0670 0447003   0.4475 359.5525 13.40772844    06
USA 159
1 26880U 01033A   19301.59288869 -.00000305 +00000-0 +00000-0 0  9999
2 26880 010.5509 031.9100 0000978 048.1650 120.9614 01.00274164008666
USA 158
1 26770U 01020A   19273.87755366 0.00000000  00000-0  00000-0 0    07
2 26770   7.4902  44.1212 0017827  47.3602 312.8019  0.98829771    02
USA 157
1 26715U 01009A   19302.16156889 -.00000374  00000-0  00000+0 0  9994
2 26715   9.1201  31.6235 0001057 145.6727  29.1327  1.00270815  7343
USA 155
1 26635U 00080A   19267.77328996 0.00000000  00000-0  00000-0 0    09
2 26635   8.8169  31.8299 0005955 174.7096 185.2561  1.00270000    04
STRV 1C
1 26610U 00072C   19298.73212957 -.00000171  00000-0  32052-2 0  9993
2 26610   6.6666  94.1086 7334507  35.2681 356.1874  2.03498457140820
USA 153
1 26575U 00065A   19302.12617192 -.00000332  00000-0  00000+0 0  9998
2 26575   7.5200  51.1585 0001518 170.7833 355.1359  1.00268890  7316
TSX-5
1 26374U 00030A   19302.18199593  .00002496  00000-0  21060-3 0  9998
2 26374  68.9285 325.0340 0642005  10.8785 350.5465 14.07268940977580
USA 149
1 26356U 00024A   19301.49483306  .00000088  00000-0  00000+0 0  9994
2 26356  11.3572  28.1187 0001699 266.7285 114.0489  1.00274382  7305
MTI
1 26102U 00014A   19301.91180626 +.00006608 +00000-0 +10398-3 0  9997
2 26102 097.5339 167.3184 0008725 015.0966 345.0550 15.53932117088384
JAWSAT
1 26061U 00004A   19302.13904196  .00000072  00000-0  40559-4 0  9993
2 26061 100.2160 157.8266 0033137 289.3567  70.4035 14.41338450 37708
USA 148
1 26052U 00001A   19302.21251638  .00000032  00000-0  00000+0 0  9993
2 26052   8.0595  47.9482 0000371  56.5748 189.5473  1.00268475  7326
COSMOS 2368
1 26042U 99073A   19301.51401035 -.00000751 +00000-0 +00000-0 0  9999
2 26042 066.9763 114.3582 6355759 210.6969 088.0952 02.00829593145314
HELIOS 1B
1 25977U 99064A   19302.03425926  .00000046  00000-0  12851-4 0  9995
2 25977  98.2512  84.2674 0001974  53.5333 306.6060 14.82442019 71984
UFO 10 (USA 146)
1 25967U 99063A   19302.34863873 -.00000192  00000-0  00000+0 0  9995
2 25967   7.6079  36.3052 0001982 143.1255 321.0268  1.00278107 73042
USA 143
1 25724U 99023A   19249.82103414 0.00000000  00000-0  00000-0 0    04
2 25724  28.2064 144.7525 2117261 257.4463 102.5532  9.37476176    01
USA 142
1 25669U 99017A   19181.82523295 0.00000000  00000-0  00000-0 0    03
2 25669  28.8280 222.4971 7069772 172.5116 210.8896  2.32914111    04
ARGOS
1 25634U 99008A   19301.76389261 -.00000010  00000-0  15250-4 0  9991
2 25634  98.4974 345.4599 0009382 227.8064 132.2317 14.19360268 70964
UFO 9 (USA 140)
1 25501U 98058A   19302.48815813 -.00000140  00000-0  00000+0 0  9991
2 25501   8.7996  30.3741 0011637 306.6080  74.2069  0.98178290 76109
COSMOS 2360
1 25406U 98045A   19302.51256526 -.00000263  00000-0 -11593-3 0  9995
2 25406  70.8320 355.2255 0007953 323.9330  36.1253 14.12436770 96160
USA 139
1 25336U 98029A   19264.05630714 0.00000000  00000-0  00000-0 0    08
2 25336   8.6434 353.6202 0039294 279.0753  80.4861  1.00270000    04
COSMOS 2351
1 25327U 98027A   19301.52977332 +.00000676 +00000-0 +00000-0 0  9996
2 25327 066.4584 021.9519 6574791 194.2639 129.9813 02.00428363157345
UFO 8 (USA 138)
1 25258U 98016A   19302.58592803 -.00000033  00000-0  00000+0 0  9997
2 25258   8.4317  33.7188 0002486 206.8483 179.6122  1.00275188 79284
SKYNET 4D
1 25134U 98002A   19302.10608876 -.00000234  00000-0  00000+0 0  9994
2 25134  11.2342  25.0374 0002123  76.7275 279.8324  0.99153257 79410
USA 136
1 25034U 97068A   19296.44468023 -.00000291  00000-0  00000-0 0    08
2 25034  63.4052 154.3682 6032335 281.2081  20.2444  2.00578231    03
COSMOS 2346
1 24953U 97052A   19302.17124806  .00000051  00000-0  34412-4 0  9994
2 24953  82.9250   1.5167 0038390 294.2786 124.5643 13.79601909112613
FORTE
1 24920U 97047A   19301.86451967 -.00000006  00000-0  21340-4 0  9995
2 24920  69.9538  78.1772 0024218 330.2305  29.7436 14.26351661153267
COSMOS 2345
1 24894U 97041A   19301.50307324 -.00000201  00000-0  00000+0 0  9999
2 24894  14.0710  16.9326 0165478 241.3295 120.1298  1.00267343 81330
COSMOS 2344
1 24827U 97028A   19301.58943297 +.00000135 +00000-0 +23019-2 0  9996
2 24827 063.3263 305.2856 1013576 039.4327 083.5320 11.07954231906029
COSMOS 2342
1 24800U 97022A   19301.43426011  .00000577  00000-0 -31838-2 0  9994
2 24800  64.3638 119.2327 7211739 179.1084 184.0023  1.99584223164036
COSMOS 2340
1 24761U 97015A   19301.37090358 -.00000428 +00000-0 +00000-0 0  9996
2 24761 067.0175 358.8830 6383407 183.1540 169.0118 02.00308797165224
USA 130
1 24737U 97008A   19302.09738611  .00000023  00000-0  00000+0 0  9991
2 24737  13.4486  21.7696 0001363 319.2191  99.4657  1.00282186  7310
UFO 7 (USA 127)
1 23967U 96042A   19302.60821299  .00000094  00000-0  00000+0 0  9992
2 23967   9.0571  27.5416 0005250  23.2822  39.4095  1.00318778 85207
USA 123
1 23936U 96029E   19296.17983977 0.00000000  00000-0  00000-0 0    00
2 23936  63.3673   6.4085 0681954  19.5177 340.4823 13.40917850    01
USA 121
1 23908U 96029C   19298.15058442 0.00000000  00000-0  00000-0 0    09
2 23908  63.3623   1.5541 0681545  19.4558 340.5442 13.40901348    09
USA 119
1 23893U 96029A   19237.27911010 0.00000000  00000-0  00000-0 0    07
2 23893  63.3282 282.8073 3401589 265.1610  55.9289  5.52854205    06
USA 122
1 23862U 96029D   19295.14130256 0.00000000  00000-0  00000-0 0    08
2 23862  63.3624   9.9695 0680378  20.2471 339.7529 13.40867482    04
USA 118
1 23855U 96026A   19264.84608856 0.00000000  00000-0  00000-0 0    06
2 23855   9.1954 356.4376 0385047 262.0013  93.6196  1.00270000    02
REX 2
1 23814U 96014A   19301.69792096 +.00000052 +00000-0 +17652-4 0  9992
2 23814 090.0853 328.0070 0023118 156.5321 203.6932 14.24519407228119
USA 115
1 23712U 95060A   19301.55301128 -.00000210 +00000-0 +00000-0 0  9998
2 23712 013.0887 021.8809 0001130 185.9228 297.9156 01.00272547008614
UFO 6 (USA 114)
1 23696U 95057A   19302.57489480 -.00000263  00000-0  00000+0 0  9993
2 23696   9.7247  25.0612 0002084 119.8174 236.6840  0.98766709 87903
USA 113
1 23628U 95038A   19302.23504104 -.00000348  00000-0  00000+0 0  9995
2 23628  11.2234  31.7603 0001425 207.7078 346.3033  1.00271429  7318
USA 112
1 23609U 95034A   19276.64792278 0.00000000  00000-0  00000-0 0    04
2 23609  63.1711  44.8372 7201469 267.6696  16.1072  2.00617532    03
HELIOS 1A
1 23605U 95033A   19252.91374098 0.00000140  00000-0  14067-4 0    06
2 23605  98.1788 341.8882 0015399 299.7082  60.2916 14.91237839    08
UFO 5 (USA 111)
1 23589U 95027A   19302.10049338 -.00000221  00000-0  00000+0 0  9998
2 23589  10.6251  22.0645 0005146 300.1227  67.6607  0.98751998 89065
USA 110
1 23567U 95022A   19256.75502387 0.00000000  00000-0  00000-0 0    04
2 23567  14.6701  30.3995 0060436 105.3484 255.3378  1.00270000    00
DMSP 5D-2 F13 (USA 109)
1 23533U 95015A   19302.65054501 -.00000005  00000-0  20092-4 0  9990
2 23533  98.8091 302.3769 0005955 221.6674 250.0200 14.15880288270356
UFO 4 (USA 108)
1 23467U 95003A   19302.51007848 -.00000033  00000-0  00000+0 0  9993
2 23467   9.9188  22.1152 0002015 151.6678 219.5801  1.00272963 90672
FAISAT
1 23465U 95002C   19302.22119074  .00000036  00000-0  23063-4 0  9994
2 23465  82.9308  12.7039 0038503  51.2356   1.2085 13.71890918239877
USA 107
1 23435U 94084A   19302.16942206 -.00000172  00000-0  00000+0 0  9997
2 23435  14.5143  14.0224 0002890  88.7055 258.8736  1.00249063  7395
USA 105
1 23223U 94054A   19263.95694621 0.00000000  00000-0  00000-0 0    00
2 23223  11.7048  27.4797 0034972 161.1514 198.9926  1.00270000    09
COSMOS 2286
1 23194U 94048A   19301.20440801 -.00000610 +00000-0 +00000-0 0  9995
2 23194 067.3316 311.0859 6234853 163.7107 232.6557 02.00594743184850
COSMOS 2285
1 23189U 94045A   19301.91822632 +.00000022 +00000-0 +48502-4 0  9999
2 23189 074.0280 157.6288 0025818 320.7163 134.8115 13.72297065263959
COSMOS 2282
1 23168U 94038A   19301.85465563 -.00000269 +00000-0 +00000-0 0  9998
2 23168 014.1654 011.4489 0008576 036.1921 261.2907 01.00313015092730
UFO 3 (USA 104)
1 23132U 94035A   19302.17448175 -.00000297  00000-0  00000+0 0  9992
2 23132  11.3866  20.1236 0003459 269.1293 100.1000  1.00369285107391
STRV 1B
1 23126U 94034C   19301.60664829  .00002983  00000-0  35776-3 0  9992
2 23126   6.9995 240.9797 6479513 279.9243  17.4962  3.36746417259919
STRV 1A
1 23125U 94034B   19301.38383483  .00006964  00000-0  77378-3 0  9997
2 23125   7.3452  22.7603 6601115 357.0024   0.5324  3.20145030254178
STEP 2
1 23105U 94029A   19301.88710149 +.00000420 +00000-0 +52636-4 0  9999
2 23105 081.9433 086.9315 0107261 175.5695 184.6491 14.75846600361361
USA 103
1 23097U 94026A   19297.11672544 0.00000004  00000-0  00000-0 0    07
2 23097  63.9642  51.3660 6879647 260.4402  21.9585  2.00611094    02
USA 99
1 22988U 94009A   19302.23026424 -.00000272  00000-0  00000+0 0  9990
2 22988  13.7568  53.7435 0002690 171.9779 215.5882  1.00267903  7350
USA 97
1 22915U 93074A   19300.09491117 -.00000211 +00000-0 +00000-0 0  9992
2 22915 011.5625 031.5881 0009298 312.5422 047.3382 00.98535597000990
UFO 2 (USA 95)
1 22787U 93056A   19301.90719081  .00000116  00000-0  00000+0 0  9995
2 22787  11.2090  16.8292 0004171 168.9849 206.4760  1.00268391 94364
USA 93
1 22719U 93046A   19300.87054895 +.00000019 +00000-0 +00000-0 0  9992
2 22719 011.7975 030.9561 0003191 359.6721 000.2813 00.99050064001169
RADCAL
1 22698U 93041A   19302.23568484  .00000062  00000-0  20919-4 0  9992
2 22698  89.5752 190.3081 0088610 187.2370 172.7550 14.23405727367736
COSMOS 2241
1 22594U 93022A   19302.45023432  .00056831  79837-7  56725-3 0  9998
2 22594  61.4260 312.8514 4987858  53.5424 342.9061  5.79948179254138
COSMOS 2232
1 22321U 93006A   19301.06435622 +.00000540 +00000-0 +00000-0 0  9999
2 22321 067.9055 332.9527 5961957 168.1108 216.9494 02.00559040195771
COSMOS 2224
1 22269U 92088A   19302.09872870 -.00000116  00000-0  00000+0 0  9992
2 22269  14.4769   6.9773 0004599 253.2892 162.5158  1.00270834 97856
COSMOS 2222
1 22238U 92081A   19300.62771660 +.00001095 +00000-0 -54739-3 0  9992
2 22238 063.3862 074.0868 7247770 199.9518 102.0246 02.00465788197233
COSMOS 2209
1 22112U 92059A   19301.36593832  .00000080  00000-0  00000+0 0  9993
2 22112  14.9916   2.4615 0012037 283.3235  76.4926  1.00320584 99349
USA 82
1 22009U 92037A   19301.68646863 -.00000103  00000-0  00000+0 0  9999
2 22009  12.6015  26.7393 0010543 332.6647  27.2371  0.98810348  1187
USA 81
1 21949U 92023A   19281.10136289 0.00000022  00000-0  83036-5 0    04
2 21949  84.9937  42.8419 0002437 355.4087   4.5911 14.31437319    09
USA 78
1 21873U 92006A   19299.95883823 -.00000194 +00000-0 +00000-0 0  9999
2 21873 013.9440 021.2071 0007224 293.9165 065.9811 00.99042904001162
USA 77
1 21809U 91076E   19290.19774995 0.00000000  00000-0  00000-0 0    08
2 21809  63.3417  54.0284 0820560  32.7352 327.2648 13.41501958    01
USA 76
1 21808U 91076D   19297.23169397 0.00000000  00000-0  00000-0 0    03
2 21808  63.3418  38.2232 0820070  35.4578 324.5422 13.41284653    04
USA 75
1 21805U 91080B   19301.58647672 -.00000247  00000-0  00000+0 0  9996
2 21805  15.1306   4.6038 0006048  15.4885 344.5129  0.99200379  1664
USA 74
1 21799U 91076C   19298.15103341 0.00000000  00000-0  00000-0 0    01
2 21799  63.3380  35.6819 0818611  35.9475 324.0525 13.41263193    07
USA 72
1 21775U 91076A   19237.20946841 0.00000000  00000-0  00000-0 0    04
2 21775  63.3440 155.1925 3351291 269.9237  52.3924  5.53395312    05
COSMOS 2155
1 21702U 91064A   19301.57246479 -.00000104 +00000-0 +00000-0 0  9996
2 21702 014.9163 359.0093 0004827 330.9877 161.5670 01.00390113103036
COSMOS 2133
1 21111U 91010A   19302.08491258 -.00000159  00000-0  00000+0 0  9994
2 21111  14.6756   1.8543 0002453 119.2269  25.4315  1.00281907105129
USA 67
1 20963U 90097B   19290.44625444 0.00000000  00000-0  00000-0 0    02
2 20963  16.3477 355.2516 0013821 231.6628 128.2250  0.98584731    05
COSMOS 2087
1 20707U 90064A   19301.53314353 -.00000486 +00000-0 +00000-0 0  9995
2 20707 069.2656 328.7440 5823327 092.2801 331.5089 02.00891261214254
USA 62
1 20692U 90050D   19288.72292392 0.00000320  00000-0  55547-4 0    05
2 20692  63.3242 147.1255 0855006  42.7838 317.2162 13.41950646    03
USA 61
1 20691U 90050C   19292.74465888 0.00000300  00000-0  51740-4 0    02
2 20691  63.3241 136.8184 0855998  42.8960 317.1040 13.41957003    02
COSMOS 2084
1 20663U 90055A   19302.16351709 -.00000002  00000-0  18062-4 0  9997
2 20663  62.7946 223.7349 0055271 188.9172 171.0946 14.92020968588706
USA 59
1 20641U 90050A   19289.00527368 0.00000000  00000-0  00000-0 0    00
2 20641  63.3415  20.4518 4052448 266.4426  47.4649  6.02589490    01
COSMOS 2076
1 20596U 90040A   19300.14237223 +.00000540 +00000-0 +00000-0 0  9991
2 20596 068.7113 317.5312 5649270 156.1115 340.4809 02.00392636216115
USA 58
1 20562U 90031C   18282.77290668 0.00000000  00000-0  00000-0 0    07
2 20562  89.7989 298.0659 0010000 226.3107 133.6892 14.59441373    01
USA 55
1 20547U 90028B   19302.36095818  .00000429  00000-0  16812-4 0  9999
2 20547  94.1079 242.9736 0080642 271.7262  87.4747 15.24533841630811
COSMOS 2063
1 20536U 90026A   19302.25289476 -.00000682  00000-0  00000+0 0  9997
2 20536  67.3894 322.8234 5992561 166.8745 220.8945  1.99605291215902
USA 48
1 20355U 89090B   19286.09217580 0.00000000  00000-0  00000-0 0    02
2 20355  18.2259   5.5289 0285014  47.3698 315.0107  1.00725641    03
COSMOS 2050
1 20330U 89091A   19301.16232941 -.00000505  00000-0  00000+0 0  9997
2 20330  65.3098 284.9848 6269275 179.8340 180.7041  2.00418075219249
USA 44
1 20203U 89069B   19301.04894613 -.00000273  00000-0  00000+0 0  9990
2 20203  13.6837  22.4128 0013499 327.1350  32.7467  0.99122153   958
USA 43
1 20202U 89069A   19301.02990951 -.00000191  00000-0  00000+0 0  9998
2 20202  15.0954 355.2520 0014310 216.9905 143.6536  0.98610889  1890
USA 39
1 20066U 89046A   19301.56440012 -.00000148  00000-0  00000+0 0  9990
2 20066  14.5669 359.4110 0002426 321.7570  27.9701  0.98818305  1851
USA 37
1 19976U 89035A   19292.68662295 0.00000000  00000-0  00000-0 0    07
2 19976   7.9632   6.1363 0971933 296.3014  54.0433  1.00270000    06
COSMOS 1977
1 19608U 88096A   19301.73171405 -.00000543 +00000-0 +00000-0 0  9990
2 19608 069.1492 219.6329 5143656 116.8166 064.8114 02.00481504227210
COSMOS 1974
1 19554U 88092A   19301.35174667 -.00000732 +00000-0 +00000-0 0  9997
2 19554 069.8947 276.4181 5150123 129.0909 006.9481 02.00577449227529
USA 32
1 19460U 88078A   19298.15811715 0.00000010  00000-0  36246-5 0    09
2 19460  84.9803  82.7845 0004406 325.7500  34.2498 14.33479876    06
COSMOS 1932
1 18957U 88019A   19302.12433178 -.00000077  00000-0  97468-5 0  9994
2 18957  65.0443 233.0452 0054365 316.3578  43.3187 13.79681273594853
COSMOS 1922
1 18881U 88013A   19301.01983623 -.00000535  00000-0  00000+0 0  9995
2 18881  68.8984 190.9172 5062542 107.0218 312.6514  2.00693190232013
COSMOS 1903
1 18701U 87105A   19301.25999599 -.00000671 +00000-0 +00000-0 0  9994
2 18701 068.9351 300.8842 5473040 147.2662 263.3486 02.00494521234061
COSMOS 1900
1 18665U 87101A   19301.59100870 -.00000070  00000-0  76142-5 0  9990
2 18665  66.0838 310.1803 0033236 169.5641 190.6162 14.54470375695942
COSMOS 1894
1 18443U 87091A   19301.48603378  .00000090  00000-0  00000+0 0  9996
2 18443  13.9966 344.9619 0005008 321.8867 101.9295  1.00329705 96504
COSMOS 1867
1 18187U 87060A   19301.61599980 -.00000097 +00000-0 +13974-5 0  9993
2 18187 065.0110 332.3733 0017233 257.5506 102.3650 14.31106708687324
COSMOS 1860
1 18122U 87052A   19301.89144394 -.00000068 +00000-0 +18652-4 0  9993
2 18122 065.0100 191.6387 0065240 278.2492 081.1174 13.84816261637248
COSMOS 1851
1 18103U 87050A   19302.22054234 -.00000020  00000-0  00000+0 0  9992
2 18103  70.8012 271.0446 4724643 111.4454 302.7687  2.00602364237263
USA 25
1 18025U 87043H   19301.99865686  .00000329  00000-0  48734-4 0  9993
2 18025  63.3085  26.6703 0925297  56.2065 312.3625 13.45415442 22295
USA 24
1 18010U 87043F   19302.54031548  .00000324  00000-0  48061-4 0  9999
2 18010  63.3102  19.7496 0924699  59.5133 309.3923 13.45686007 16172
USA 23
1 18009U 87043E   19301.60744686  .00000304  00000-0  46319-4 0  9999
2 18009  63.3102  22.4823 0924227  59.6098 309.3012 13.45650283 16045
USA 22
1 17997U 87043A   19241.85711116 0.00001100  00000-0  91686-4 0    01
2 17997  63.3024 130.2760 0924442  60.1756 299.8244 13.48804330    04
USA 21
1 17506U 87015A   19301.16463736 -.00000409  00000-0  00000+0 0  9993
2 17506  62.6650 239.9559 6997106 262.0329  20.2207  2.00597240  2116
COSMOS 1818
1 17369U 87011A   19301.90911737 -.00000069 +00000-0 +11761-4 0  9990
2 17369 065.0110 194.6292 0016253 253.8042 106.1254 14.31449532761970
COSMOS 1806
1 17213U 86098A   19301.29794638 -.00000710 +00000-0 +00000-0 0  9996
2 17213 068.5998 247.4363 5411479 137.2890 004.6316 02.00390617240690
COSMOS 1783
1 16993U 86075A   19302.33335144  .00410858  12955-4  17782-3 0  9995
2 16993  62.2053 352.2826 5767576 257.7795  35.4182  4.56547805486242
COSMOS 1771
1 16917U 86062A   19301.86702764 -.00000069  00000-0  17400-4 0  9992
2 16917  64.9814 136.4609 0050667 352.2398   7.7872 13.82507051676971
COSMOS 1761
1 16849U 86050A   19301.29031831 +.00000660 +00000-0 +00000-0 0  9990
2 16849 069.7625 167.8148 5159862 068.9316 051.7729 02.00806814244032
COSMOS 1736
1 16647U 86024A   19301.84455889 -.00000081 +00000-0 +61781-5 0  9997
2 16647 064.9899 041.1193 0059598 276.4461 213.5967 13.79424178694161
USA 18
1 16631U 86014H   19301.88000295 +.00000778 +00000-0 +77690-4 0  9997
2 16631 063.2978 089.8799 0938582 064.4639 305.0392 13.47140801014142
USA 17
1 16625U 86014F   19302.51117644  .00000492  00000-0  64066-4 0  9994
2 16625  63.3017  86.2813 0920203  71.4548 298.4130 13.46515463 14218
USA 16
1 16624U 86014E   19302.47753548  .00000467  00000-0  62188-4 0  9992
2 16624  63.3016  89.4462 0921269  71.6327 298.2582 13.46037463 20609
USA 15
1 16591U 86014A   19291.46929218 0.00001700  00000-0  13052-3 0    09
2 16591  63.2960  80.7981 0928830  65.3770 294.6229 13.49992672    07
COSMOS 1729
1 16527U 86011A   19301.59201309 -.00000026  00000-0  00000+0 0  9998
2 16527  70.7688 270.8320 4624123 111.6509  43.9515  2.00581145247259
COSMOS 1698
1 16183U 85098A   19220.70339028  .00000173  00000-0  00000+0 0  9995
2 16183  71.0133 208.8841 4809346  62.8063  53.8325  2.00745973247585
USA 12
1 16117U 85092C   19301.41651518 -.00000200 +00000-0 +00000-0 0  9998
2 16117 015.3207 005.5606 0005157 022.9001 337.1061 00.98992731001718
USA 11
1 16116U 85092B   19301.60662097 -.00000238  00000-0  00000+0 0  9992
2 16116  15.2479   6.9009 0003827 268.9785  90.9589  0.99325036  1833
COSMOS 1687
1 16103U 85088A   19301.80288938 -.00000210 +00000-0 +00000-0 0  9994
2 16103 069.6827 136.9961 5698765 047.9296 335.2760 02.00568662249623
COSMOS 1684
1 16064U 85084A   19301.73208626 +.00000586 +00000-0 +00000-0 0  9999
2 16064 067.1084 205.4839 5772859 146.5624 269.0033 02.00388780249719
COSMOS 1677
1 15986U 85075A   19302.14938311 -.00000072  00000-0  16274-4 0  9993
2 15986  64.6831 203.2757 0082271 292.7576  66.4804 13.86552645722007
COSMOS 1675
1 15952U 85071A   19301.68597518  .00021836  13682-5  10832-2 0  9997
2 15952  64.4124 237.2668 6708977 349.9621   1.3847  3.07435894313639
COSMOS 1670
1 15930U 85064A   19302.45159445 -.00000084  00000-0  44049-5 0  9992
2 15930  64.9394 305.9337 0048543 104.5353 256.1098 13.83732135718845
COSMOS 1661
1 15827U 85049A   19301.18409938 -.00000801  00000-0  00000+0 0  9994
2 15827  67.8696 234.9713 5757905 122.3217 306.3952  2.00753655251742
COSMOS 1629
1 15574U 85016A   19301.39429001 -.00000206  00000-0  00000+0 0  9992
2 15574  13.3062 334.8777 0003371 208.2013 331.9523  1.00280366126144
USA 8
1 15543U 85010B   19279.09125304 0.00000000  00000-0  00000-0 0    07
2 15543  16.7496 338.9735 0129597 345.3642  14.2645  0.99808504    06
COSMOS 1607
1 15378U 84112A   19301.87499962 -.00000077  00000-0  10287-4 0  9995
2 15378  64.9924 214.4172 0028601  56.5311 303.8477 13.83563400769950
COSMOS 1604
1 15350U 84107A   19301.75675542 +.00000802 +00000-0 +00000-0 0  9999
2 15350 069.5853 120.6952 5852976 037.6075 082.7614 02.00377727256867
COSMOS 1596
1 15267U 84096A   19301.86703171 -.00000663 +00000-0 +81650+0 0  9990
2 15267 067.3411 308.2123 5790237 068.2530 001.9957 02.00557721257409
USA 4
1 15226U 84091A   19301.43468877 -.00000615 +00000-0 +00000-0 0  9992
2 15226 062.4489 339.4484 7160682 275.7606 013.7415 02.00637645002106
COSMOS 1581
1 15095U 84071A   19301.40805682 +.00000948 +00000-0 +00000-0 0  9998
2 15095 066.1099 235.7181 6242910 047.0894 350.6446 01.99698208232069
COSMOS 1579
1 15085U 84069A   19301.87624712 -.00000098  00000-0 -78795-5 0  9997
2 15085  65.0504 249.8493 0039995 160.7673 199.4909 13.86058317790150
USA 3
1 15071U 84065C   19264.89525632 0.00000230  00000-0  22262-4 0    05
2 15071  95.9182 333.7775 0003378 260.1552  99.8446 14.92831770    09
COSMOS 1547
1 14884U 84033A   19299.80844026 -.00000517 +00000-0 +00000-0 0  9999
2 14884 069.5551 097.3480 6305313 349.8458 001.6820 02.00474090200680
COSMOS 1546
1 14867U 84031A   19301.63365241 -.00000162 +00000-0 +00000-0 0  9996
2 14867 013.0804 332.0960 0025745 320.7449 051.7722 01.00262758023076
JD 3
1 14795U 84012F   19301.83722527 +.00001170 +00000-0 +89613-4 0  9991
2 14795 063.2931 059.8291 0936734 079.4461 291.0580 13.52643015023481
COSMOS 1541
1 14790U 84024A   19301.38738770  .00000069  00000-0  00000+0 0  9990
2 14790  71.5918 241.7033 4620738  53.5753 115.0023  2.00381271233321
JD 2
1 14729U 84012D   19302.49642712  .00000761  00000-0  75668-4 0  9998
2 14729  63.2982  62.6057 0920083  84.0624 286.4371 13.51239826 14261
JD 1
1 14728U 84012C   19301.80971367 +.00000746 +00000-0 +74607-4 0  9997
2 14728 063.2974 063.7981 0920977 084.4858 286.0368 13.51005249014064
OPS 8737
1 14690U 84012A   19234.90770792 0.00001000  00000-0  70299-4 0    00
2 14690  63.1889 190.4399 0916146  80.4524 279.5476 13.54813812    08
OPS 0441
1 14675U 84009A   19291.66972746 0.00000000  00000-0  00000-0 0    06
2 14675   6.8056 347.6513 1007433   8.7057 352.9402  1.00147834    07
COSMOS 1481
1 14182U 83070A   19301.61369697 -.00000160  00000-0  00000+0 0  9992
2 14182  70.1229  27.3408 6269576 326.4409   6.4221  2.03568555190792
GB 3
1 14180U 83056G   19302.48606620  .00000865  00000-0  72213-4 0  9991
2 14180  63.2920 315.9526 0925119  86.1521 284.4635 13.54221368 28310
GB 2
1 14144U 83056D   19301.50047454  .00000768  00000-0  71258-4 0  9997
2 14144  63.2956 316.3609 0915231  88.0869 282.4593 13.54110318 25462
GB 1
1 14143U 83056C   19302.47079079  .00000749  00000-0  69650-4 0  9993
2 14143  63.2959 312.3180 0915341  87.8759 282.6676 13.54178041 16226
OPS 3899
1 14139U 83060C   19302.26744024 -.00000162  00000-0 -51603-3 0  9998
2 14139  96.6804  29.4411 0001644 135.1575 224.9669 12.93868349 22494
OPS 6432
1 14112U 83056A   19177.03807082 0.00001100  00000-0  76382-4 0    09
2 14112  63.3036 263.9746 0903061  79.5152 280.4848 13.57828104    00
COSMOS 1461
1 14064U 83044A   19301.90043048 +.00000430 +00000-0 +51942-4 0  9998
2 14064 064.9996 130.3324 0085028 057.3553 303.5731 14.94509679852390
SSC
1 13874U 83008H   19301.88391990 +.00001428 +00000-0 +11228-3 0  9995
2 13874 063.2913 083.6465 0914365 090.1367 280.4317 13.55898051020681
SSB
1 13845U 83008F   19301.94732608  .00001253  00000-0  10891-3 0  9996
2 13845  63.2961  83.2980 0905138  91.3746 279.1011 13.55641970 14238
SSA
1 13844U 83008E   19302.36525601  .00001175  00000-0  10371-3 0  9991
2 13844  63.2966  86.5336 0906612  91.1186 279.3717 13.55181781 28382
OPS 0252
1 13791U 83008A   19273.73147380 0.00001550  00000-0  10453-3 0    05
2 13791  63.2840 128.5251 0903674  90.0371 269.9629 13.58422276    02
DSCS 3-1
1 13637U 82106B   19301.37755664 -.00000193  00000-0  00000+0 0  9997
2 13637  14.9517 351.8731 0015220 131.0439 228.5800  0.97829505 93022
DSCS 2-15
1 13636U 82106A   19301.65327269 -.00000099 +00000-0 +00000-0 0  9999
2 13636 015.4881 344.5488 0000896 357.3424 004.8235 00.95089644081089
COSMOS 1412
1 13600U 82099A   19302.38927792 -.00000074  00000-0  14307-4 0  9991
2 13600  64.8142 222.9507 0052534   8.5517 131.7082 13.86215351864071
COSMOS 1382
1 13295U 82064A   19300.91315857 +.00000538 +00000-0 +00000-0 0  9998
2 13295 067.1097 025.4319 6174487 053.2971 348.7655 02.00563329231925
COSMOS 1375
1 13259U 82055A   19302.46743492  .00000087  00000-0  15406-3 0  9998
2 13259  65.8336 359.7190 0030423 287.7546  72.0202 13.83107176878911
COSMOS 1372
1 13243U 82052A   19301.98776622 -.00000104  00000-0 -12533-4 0  9996
2 13243  64.9020  87.3885 0047213 304.1444  55.5143 13.85966724310684
COSMOS 1367
1 13205U 82045A   19301.31030396 -.00000541 +00000-0 +00000-0 0  9990
2 13205 070.8304 173.1193 5463011 034.5092 185.7597 02.00766959274204
COSMOS 1365
1 13175U 82043A   19301.88157944 -.00000100 +00000-0 -82210-5 0  9995
2 13175 065.0704 044.6558 0056063 185.2148 314.7334 13.89611116903219
OPS 6553
1 13172U 82041C   19263.06180009 0.00000000  00000-0  00000-0 0    07
2 13172  95.9918 206.0921 0005164  48.3166 311.6609 14.89562829    01
COSMOS 1348
1 13124U 82029A   19301.41310150 +.00000045 +00000-0 +00000-0 0  9990
2 13124 071.8037 235.2812 4598556 042.8283 073.9002 02.00264334274830
OPS 8701
1 13086U 82019A   19301.37682294 -.00000119  00000-0  00000+0 0  9994
2 13086  13.9348 330.5201 0003285 285.4764 122.0029  0.98189147  1853
COSMOS 1341
1 13080U 82016A   19301.28372470 +.00000849 +00000-0 +00000-0 0  9997
2 13080 067.4737 163.1200 6587095 020.6324 357.0008 02.00416592186139
COSMOS 1317
1 12933U 81108A   19301.63855069 -.00000015  00000-0  00000+0 0  9998
2 12933  71.5169 206.2278 5023865  30.8845 103.0311  2.00316195277724
OPS 4029
1 12930U 81107A   19249.44899276 0.00000000  00000-0  00000-0 0    09
2 12930   7.0282 351.9031 0888976 346.7284  11.0831  1.00303602    07
COSMOS 1305
1 12818U 81088A   19300.27840959 -.00000038 +00000-0 -46123-3 0  9994
2 12818 063.0951 221.9065 4677979 217.7992 097.8516 05.46077939760321
COSMOS 1300
1 12785U 81082A   19301.55380552  .00000606  00000-0  28619-4 0  9991
2 12785  82.5004 299.1599 0002737 104.9709  34.2868 15.17533725 82759
COSMOS 1299
1 12783U 81081A   19301.91537145 -.00000081 +00000-0 +64703-5 0  9993
2 12783 065.1165 225.1284 0049860 302.0079 057.6143 13.85378069931569
COSMOS 1285
1 12627U 81071A   19301.36105209 -.00000502  00000-0  00000+0 0  9992
2 12627  68.1575 243.3489 5598348  51.6419 114.1243  1.98064607198525
COSMOS 1266
1 12409U 81037A   19302.18244519 -.00000082  00000-0  76769-5 0  9995
2 12409  64.7619 233.5626 0049862 252.6306 106.9299 13.90444955955987
COSMOS 1261
1 12376U 81031A   19301.52320581  .00000474  00000-0  00000+0 0  9996
2 12376  68.3212 237.5774 5521945  51.7436 346.2020  2.00765413178826
OPS 7350
1 12339U 81025A   19301.72962503 -.00000012 +00000-0 +00000-0 0  9996
2 12339 012.9970 326.4958 0016396 229.5311 322.2429 00.98827006001884
COSMOS 1249
1 12319U 81021A   19302.20300204 -.00000066  00000-0  19958-4 0  9993
2 12319  64.9644 333.1295 0059634 321.5273  38.1543 13.86610955959109
COSMOS 1247
1 12303U 81016A   19301.40218790 +.00000774 +00000-0 +00000-0 0  9998
2 12303 066.5415 191.5719 6421504 034.3730 354.1196 02.02490003286097
COSMOS 1241
1 12149U 81006A   19301.67425483 -.00000074 +00000-0 +72469-5 0  9990
2 12149 065.8225 332.6097 0022770 247.9923 251.2218 13.72170979942272
OPS 5805
1 12093U 80100A   19301.23737574 +.00000677 +00000-0 +00000-0 0  9996
2 12093 063.1738 111.0714 6854864 277.8290 015.4071 02.00625028003529
COSMOS 1223
1 12078U 80095A   19301.60351889 +.00000069 +00000-0 +00000-0 0  9999
2 12078 070.7103 145.4121 5575607 018.0368 001.9223 02.00859330284985
COSMOS 1217
1 12032U 80085A   19301.88198742 -.00000393  00000-0  00000+0 0  9995
2 12032  69.6615 313.2456 6406082 325.4912   6.0654  2.00913032233648
COSMOS 1191
1 11871U 80057A   19301.79672090 -.00000625  00000-0  00000+0 0  9995
2 11871  66.2025 266.2072 5784526  54.6836 346.6015  2.00951999194806
OPS 1292
1 11852U 80052C   15098.95620453 0.00000000  00000-0  00000-0 0    02
2 11852  96.6070 194.5984 0001500 307.4883  52.5116 12.83314142    05
COSMOS 1176
1 11788U 80034A   19301.55379242 -.00000074  00000-0  13794-4 0  9991
2 11788  64.8280 305.7537 0061937 283.0704  76.3451 13.92956718 11767
COSMOS 1174
1 11765U 80030A   19301.78592569  .00001029  00000-0  62813-4 0  9992
2 11765  66.0856  87.7205 0543650 150.3347 212.9798 14.39501464 31085
COSMOS 1171
1 11750U 80026A   19301.65284300 -.00000067 +00000-0 +14256-4 0  9998
2 11750 065.8421 324.4283 0016091 019.2601 119.9026 13.73706812984641
EP 3
1 11745U 80019G   19302.47351255  .00065016  59210-5  46024-3 0  9992
2 11745  63.2572 295.7935 0775176  55.2771 311.8837 14.29813614 26845
EP 2
1 11732U 80019D   18287.15395403 0.00005000  00000-0  34863-3 0    03
2 11732  63.3270  60.6152 0839173  36.9757 323.0243 13.70912341    03
EP 1
1 11731U 80019C   16238.83989198 0.00003000  00000-0  95091-4 0    00
2 11731  63.3279 246.5142 0918535  46.8328 313.1672 13.72246182    00
OPS 7245
1 11720U 80019A   19064.78057663 0.00001100  00000-0  41953-4 0    02
2 11720  63.3401 332.1122 0879741  35.1145 324.8855 13.76596422    09
OPS 9444 (DSCS 2-14)
1 11622U 79098B   19301.86235154 -.00000240 +00000-0 +00000-0 0  9990
2 11622 013.3712 327.2250 0005717 016.0772 168.0169 00.98352870088149
OPS 9443 (DSCS 2-13)
1 11621U 79098A   19301.62712278 -.00000092 +00000-0 +00000-0 0  9995
2 11621 014.7960 332.7090 0009182 050.5790 303.3349 00.95598182592222
COSMOS 1124
1 11509U 79077A   19301.85274275 -.00000397 +00000-0 +00000-0 0  9990
2 11509 063.2832 252.6179 6771234 043.1565 353.3186 02.01004858294730
COSMOS 1109
1 11417U 79058A   19301.16488668 +.00000532 +00000-0 +00000-0 0  9994
2 11417 071.0825 309.8272 5760599 285.3982 020.4898 02.01405554185021
OPS 9442 (DSCS 2-12)
1 11145U 78113B   19302.48356493 -.00000126  00000-0  00000+0 0  9998
2 11145  13.2658 325.3926 0004108  89.9522  92.2459  0.98441034 93261
OPS 9441 (DSCS 2-11)
1 11144U 78113A   19302.02101281 -.00000103  00000-0  00000+0 0  9995
2 11144  15.2804 333.7339 0023538 141.5030   7.4175  0.94032081 88736
COSMOS 1024
1 10970U 78066A   19301.52399491 +.00000296 +00000-0 +00000-0 0  9997
2 10970 063.9904 293.4504 6627278 030.8455 355.1761 02.00710137302790
SS 3
1 10594U 77112F   19302.09314282  .00001288  00000-0  10213-3 0  9990
2 10594  63.2981 191.4699 0748087 121.9026 245.7037 13.90521879 29031
SS 2
1 10544U 77112E   19302.19679596  .00000484  00000-0  59155-4 0  9994
2 10544  63.3036 249.0787 0757999 123.8030 243.7569 13.82092628 16540
COSMOS 970
1 10531U 77121A   19302.25781942 -.00000066  00000-0  14538-4 0  9999
2 10531  65.8533 231.2759 0153686 287.8303  70.6038 13.59789634470270
SS 1
1 10529U 77112D   19302.37516321  .00000447  00000-0  56375-4 0  9993
2 10529  63.3035 253.2578 0759971 123.9631 243.6038 13.81445433 16553
COSMOS 967
1 10512U 77116A   19302.21517918 -.00000060  00000-0  21392-4 0  9998
2 10512  65.8352 330.8531 0023800 326.9275 106.8049 13.75007786102498
OPS 8781
1 10502U 77112A   16037.98731481 0.00020000  00000-0  31445-3 0    09
2 10502  63.3118  35.8279 0891460 101.1093 258.8907 13.91229583    01
COSMOS 952
1 10358U 77088A   19302.18079726 -.00000090  00000-0 -10690-5 0  9994
2 10358  64.9354 301.1819 0031524  64.6518 295.7800 13.83599285128205
COSMOS 931
1 10150U 77068A   19301.28993525 -.00000619 +00000-0 +00000-0 0  9999
2 10150 068.6646 194.4398 5938757 029.3580 149.6957 02.00569895310148
COSMOS 917
1 10059U 77047A   19301.44395603 +.00000895 +00000-0 +00000-0 0  9990
2 10059 062.7337 215.7444 6967990 040.0645 354.4953 02.00445232310466
COSMOS 909
1 10010U 77036A   19301.91332564 -.00000055 +00000-0 +46357-6 0  9994
2 10010 065.8616 177.7605 0712745 278.7910 073.3068 12.30336468887184
OPS 9438 (DSCS 2-8)
1 10001U 77034B   19301.88438422 -.00000120 +00000-0 +00000-0 0  9990
2 10001 014.1534 322.3105 0032588 089.9198 055.1037 00.95426583094408
OPS 9437 (DSCS 2-7)
1 10000U 77034A   19302.04169858 -.00000085  00000-0  00000+0 0  9991
2 10000  13.6792 317.9855 0019829 308.6386  51.1174  0.96672123142116
COSMOS 886
1 09634U 76126A   19301.54099252 -.00000070 +00000-0 -55170-6 0  9997
2 09634 065.8369 359.4836 1085202 167.0415 196.1046 12.56146148975748
COSMOS 862
1 09495U 76105A   19300.89383843 +.00000961 +00000-0 +00000-0 0  9991
2 09495 069.7110 185.9839 5693162 265.4516 031.1964 02.00633850193034
COSMOS 861
1 09494U 76104A   19302.18820440 -.00000075  00000-0  13523-4 0  9997
2 09494  64.8596 222.9120 0051891 199.0321 160.8799 13.81582341171413
COSMOS 860
1 09486U 76103A   19301.82263407 -.00000102 +00000-0 -11275-4 0  9995
2 09486 064.7024 050.6902 0045716 143.1372 217.2842 13.81266918548219
OPS 7940
1 09270U 76080A   19255.67891978  .00001152  00000-0  00000+0 0  9994
2 09270  61.7735  99.9267 7489131 270.6781  13.0134  2.01520462    87
COSMOS 839
1 09011U 76067A   19301.92012622 -.00000077 +00000-0 -81616-4 0  9997
2 09011 065.8519 267.3616 0699245 148.4724 216.0208 12.32836101961397
SSU 3
1 08884U 76038J   19302.45805798  .00000176  00000-0  59248-4 0  9999
2 08884  63.3253  54.4184 0627204 148.1587 215.9038 13.85570852 26171
SSU 2
1 08836U 76038D   19301.93324880  .00000150  00000-0  59932-4 0  9998
2 08836  63.3268  94.8704 0631820 147.7526 216.3845 13.80748255 16479
SSU 1
1 08835U 76038C   19301.94511852  .00000113  00000-0  52231-4 0  9999
2 08835  63.3264  94.1281 0632959 147.4737 216.7014 13.80850126 23990
OPS 6431
1 08818U 76038A   17298.70400543 0.00002000  00000-0  14790-3 0    08
2 08818  63.2365 254.6739 0772520 147.8052 212.1948 13.83055513    09
COSMOS 803
1 08688U 76014A   19302.19859347  .00000276  00000-0  14401-4 0  9998
2 08688  65.8441 253.4658 0017642 198.8043 161.2452 15.35476668417459
OPS 3165
1 08482U 75118A   19301.85197045 -.00000384 +00000-0 +00000-0 0  9993
2 08482 008.3168 298.7000 0032110 311.1424 205.5508 01.00480949002102
COSMOS 785
1 08473U 75116A   19301.84112421 -.00000094  00000-0 -62001-5 0  9998
2 08473  65.0758 114.6196 0067652  48.3064 312.3757 13.82181345214409
COSMOS 775
1 08357U 75097A   19301.62328439 +.00000103 +00000-0 +00000-0 0  9996
2 08357 008.3925 299.4114 0009683 096.7200 269.9788 01.00324075107461
OPS 6381 (SSU 1)
1 07937U 75051C   19301.73498674 +.00000008 +00000-0 +92136-4 0  9999
2 07937 095.0850 201.8958 0007911 052.2819 001.3853 12.68171225054197
COSMOS 724
1 07727U 75025A   19302.16649833 -.00000074  00000-0  95510-5 0  9994
2 07727  65.5897 230.2438 0054015 169.5138 190.7075 13.98920437277017
COSMOS 723
1 07718U 75024A   19301.86911915 -.00000082  00000-0  79667-5 0  9996
2 07718  64.7171 217.0363 0063013 294.8924  64.5595 13.89497265262248
COSMOS 706
1 07625U 75007A   19302.47878951 -.00000446  00000-0  00000+0 0  9997
2 07625  67.4277   2.6305 5968558  20.9883 355.8319  2.00608848188059
COSMOS 654
1 07297U 74032A   19302.49092924 -.00000089  00000-0 -11096-5 0  9996
2 07297  64.9504  52.1033 0055520  14.3505  56.6289 13.79475688290986
COSMOS 651
1 07291U 74029A   19302.15653485 -.00000075  00000-0  12375-4 0  9998
2 07291  64.9713 210.6695 0030285 163.8546 196.3490 13.92925840313216
COSMOS 626
1 07005U 73108A   19301.88826852 -.00000055 +00000-0 +26639-4 0  9993
2 07005 065.4367 160.8284 0054969 345.5732 014.3760 13.85361031318954
OPS 9434 (DSCS 2-4)
1 06974U 73100B   19302.12318701 -.00000117  00000-0  00000+0 0  9994
2 06974  10.6398 308.5104 0073602  14.5482 149.9034  0.97518986823981
OPS 9433 (DSCS 2-3)
1 06973U 73100A   19301.47523595 -.00000086 +00000-0 +00000-0 0  9995
2 06973 011.1353 306.4928 0029657 168.1127 011.6062 00.97654935096164
OPS 6630 (2)
1 06938U 73088D   19301.82968470 -.00000015  00000-0  18710-4 0  9998
2 06938  96.9420 244.1008 0027221 119.3405 294.1800 12.57090477108885
COSMOS 606
1 06916U 73084A   19301.29560965 +.00000644 +00000-0 +00000-0 0  9994
2 06916 071.6248 177.8477 5721608 208.3652 344.7505 02.00547039336840
OPS 8314 (2)
1 06822U 72079C   19301.90469222 +.00000002 +00000-0 +90225-4 0  9995
2 06822 095.6374 304.5372 0029209 334.1115 086.9150 12.55535547155606
OPS 7724
1 06791U 73056A   19301.20942792 -.00000290 +00000-0 -14697-2 0  9995
2 06791 062.7936 001.0495 7338026 258.9148 018.2454 02.00692581000987
COSMOS 521
1 06206U 72074A   19301.94021899 -.00000084 +00000-0 -40987-5 0  9997
2 06206 065.8245 125.1227 0014170 215.8950 251.7740 13.72445437359068
COSMOS 520
1 06192U 72072A   19302.19465594 -.00000000  00000-0  00000+0 0  9994
2 06192  73.1558 307.5683 4378172 265.3129 171.5216  2.01349036346386
COSMOS 516
1 06154U 72066A   19302.22578602 -.00000077  00000-0  11800-4 0  9993
2 06154  64.8106 323.0375 0053905  69.3012 291.3810 13.77676632374308
COSMOS 469
1 05721U 71117A   19302.08833784 -.00000061  00000-0  29756-4 0  9999
2 05721  64.4874 178.2203 0017910  88.7679 271.5424 13.76025408403969
OPS 7898 (P/L 4)
1 05682U 71110E   19302.19935263 -.00000047  00000-0  36911-5 0  9991
2 05682  69.9896 324.3404 0010158 313.8828  46.1426 13.74411274 12222
OPS 7898 (P/L 3)
1 05681U 71110D   19302.47369058 -.00000044  00000-0  66559-5 0  9992
2 05681  69.9892 323.4430 0010228 314.0090  46.0161 13.74404960 23904
OPS 7898 (P/L 2)
1 05680U 71110C   19301.59507789 -.00000044 +00000-0 +61635-5 0  9998
2 05680 069.9882 323.0598 0009876 313.5848 046.4426 13.74505330015154
OPS 7898 (P/L 1)
1 05678U 71110A   19302.48925648 -.00000021  00000-0  31038-4 0  9990
2 05678  69.9903 338.0313 0009642 321.9309  38.1102 13.73967293 23968
OPS 9432 (DSCS 2-2)
1 05588U 71095B   19302.32967451 -.00000129  00000-0  00000+0 0  9992
2 05588   7.5906 297.7197 0005470   7.7803 197.9577  1.00241526174387
OPS 9431 (DSCS 2-1)
1 05587U 71095A   19301.59222840 -.00000076 +00000-0 +00000-0 0  9997
2 05587 007.6315 297.3516 0004532 302.9136 258.8047 01.00265874097711
COSMOS 402
1 05105U 71025A   19301.56542022 -.00000090 +00000-0 -38576-5 0  9991
2 05105 064.9803 292.3821 0052987 316.2855 181.5279 13.73053540435265
COSMOS 400
1 05050U 71020A   19301.80493634 -.00000077  00000-0  35258-5 0  9994
2 05050  65.8270  32.6427 0016102 259.6098 238.4338 13.72140076435715
COSMOS 397
1 04964U 71015A   19301.90837131 -.00000045 +00000-0 +14699-4 0  9996
2 04964 065.7248 218.7235 1021016 130.7202 238.7145 12.74213079359442
COSMOS 394
1 04922U 71010A   19301.88443453 +.00000161 +00000-0 +12796-4 0  9996
2 04922 065.8239 101.0841 0024653 273.2435 086.5885 15.29872603686062
OPS 5960
1 04630U 70093A   19301.75274257 -.00000131 +00000-0 +00000-0 0  9991
2 04630 010.6896 083.9293 1436232 173.8472 016.0182 01.20217645214702
COSMOS 375
1 04598U 70091A   19301.82137135 -.00000087  00000-0  66746-5 0  9997
2 04598  62.8322 132.4264 0913555 271.5318  78.1366 12.96112997313902
COSMOS 374
1 04594U 70089A   19302.22760926 -.00000154  00000-0 -24486-4 0  9995
2 04594  62.9502 249.2055 0924353 199.4692 156.8711 12.94949606355115
COSMOS 367
1 04564U 70079A   19302.47497784 -.00000105  00000-0 -18789-4 0  9992
2 04564  65.2771  90.0941 0075063 279.8018  79.4571 13.78437171469776
OPS 7033 (VELA 11)
1 04368U 70027B   19091.16354405 -.00000158 +00000-0 +00000-0 0  9990
2 04368 037.3345 136.7961 8473530 098.4927 359.6318 00.21500372032011
OPS 7044 (VELA 12)
1 04366U 70027A   19049.40742954  .00000869  00000-0  00000+0 0  9995
2 04366  37.1138 151.1894 8332112  87.7490 359.5115  0.21451240 31976
TIMATION 2
1 04257U 69082C   19302.37941573 -.00000005  00000-0  34838-4 0  9993
2 04257  70.0154 227.6923 0018839  34.7213  96.1403 13.95835643548947
SOICAL (CYLINDER)
1 04166U 69082J   19302.30426074  .00003096  00000-0  27553-3 0  9996
2 04166  69.9652 224.4345 0002491 291.7777  68.3116 14.97125598617332
SOICAL (CONE)
1 04132U 69082K   19302.14612582  .00000232  00000-0  12408-3 0  9994
2 04132  69.9958 325.6773 0011861 234.0318 125.9704 14.24635346575709
OPS 6909 (VELA 9)
1 03954U 69046D   19117.36164739  .00000348  00000-0  00000+0 0  9998
2 03954  42.0178 210.5662 6984150  57.8074 350.8861  0.21502871 39202
SECOR 13 (EGRS 13)
1 03891U 69037B   19301.73493764 -.00000025 +00000-0 +33413-4 0  9999
2 03891 099.8934 206.5218 0040148 052.9236 006.5496 13.42860488476475
OPS 2644
1 03673U 69010B   19302.22578314  .00000054  00000-0  26371-3 0  9993
2 03673  80.3975  11.9798 0025237 212.3150 201.4167 12.63384109337899
OPS 7684
1 03605U 68112B   19301.84651720 +.00000048 +00000-0 +23611-3 0  9997
2 03605 080.3588 313.2721 0054752 220.2911 254.1251 12.60443453338733
COSMOS 252
1 03530U 68097A   19302.15891140 -.00000060  00000-0  19335-4 0  9997
2 03530  62.3356 337.8833 0974361 276.6235  72.4929 12.87462099393516
COSMOS 249
1 03504U 68091A   19301.87528434 -.00000077 +00000-0 +13287-4 0  9991
2 03504 062.3559 186.3610 0986478 244.4352 105.1531 12.95738997406382
OPS 9348 (IDSCS 27)
1 03291U 68050H   19302.51110073 -.00000105  00000-0  00000+0 0  9993
2 03291   2.0192  57.4171 0075839  79.5363 302.3735  1.06767367200155
OPS 9347 (IDSCS 26)
1 03290U 68050G   19302.35447965 -.00000065  00000-0  00000+0 0  9992
2 03290   2.1164  57.3303 0060125  81.5355   4.6632  1.07034831112970
OPS 9346 (IDSCS 25)
1 03289U 68050F   19301.77280682 -.00000138 +00000-0 +00000-0 0  9998
2 03289 002.2584 058.1783 0044627 082.9924 248.4831 01.07288405024645
OPS 9345 (IDSCS 24)
1 03288U 68050E   19301.82946358 -.00000068 +00000-0 +00000-0 0  9994
2 03288 002.3171 057.8438 0033563 085.3106 190.9053 01.07477801113192
OPS 9344 (IDSCS 23)
1 03287U 68050D   19301.85720462 -.00000073 +00000-0 +00000-0 0  9998
2 03287 002.4204 058.4209 0023766 088.4935 336.2763 01.07639812201182
OPS 9343 (IDSCS 22)
1 03286U 68050C   19301.85842591 -.00000068 +00000-0 +00000-0 0  9999
2 03286 002.4748 058.4729 0016942 091.8806 339.1433 01.07756991021346
OPS 9342 (IDSCS 21)
1 03285U 68050B   19301.82588690 -.00000070 +00000-0 +00000-0 0  9995
2 03285 002.5026 058.4796 0013455 095.2463 160.7956 01.07818527202031
OPS 9341 (IDSCS 20)
1 03284U 68050A   19302.44526215 -.00000091  00000-0  00000+0 0  9990
2 03284   2.4886  58.0606 0011634  95.5131 250.9267  1.07854197108801
COSMOS 209
1 03158U 68023A   19301.83913656 -.00000094 +00000-0 -34786-5 0  9999
2 03158 065.3329 057.1205 0032941 171.5534 188.6098 13.97730196632302
COSMOS 198
1 03081U 67127A   19302.13021169 -.00000118  00000-0 -21086-4 0  9996
2 03081  65.1395 140.6837 0041601 252.9901 106.6605 13.93221402636480
OPS 9334 (IDSCS 19)
1 02865U 67066D   19301.85005126 -.00000116 +00000-0 +00000-0 0  9996
2 02865 003.2583 278.1789 0059685 358.3179 167.9233 01.09624648103594
OPS 9333 (IDSCS 18)
1 02864U 67066C   19301.94714486 -.00000124 +00000-0 +00000-0 0  9990
2 02864 003.2108 277.2289 0064459 007.3867 155.2449 01.09786069104935
OPS 9332 (IDSCS 17)
1 02863U 67066B   19301.71348637 -.00000075  00000-0  00000+0 0  9999
2 02863   3.1196 276.9501 0068388  12.7692 140.0671  1.09896679 98226
OPS 9331 (IDSCS 16)
1 02862U 67066A   19301.79570326 -.00000074  00000-0  00000+0 0  9997
2 02862   3.1273 276.4338 0070017  15.6532 220.6672  1.09955089110638
SECOR 9 (EGRS 9)
1 02861U 67065A   19301.45132751 -.00000000  00000-0 -98973-3 0  9994
2 02861  90.1170 309.7843 0073812 241.3300 118.0100  8.36656552598622
TIMATION 1
1 02847U 67053E   19301.72101587 -.00000005  00000-0  32482-4 0  9996
2 02847  69.9670  50.4120 0007668 332.5432  27.5271 14.01746605674477
OPS 6638 (VELA 7)
1 02765U 67040A   19123.69083371 -.00001289  00000-0  00000+0 0  9990
2 02765  19.8578  39.6320 4898604 190.0476 359.2964  0.21521977 40803
OPS 9328 (IDSCS 15)
1 02655U 67003H   19301.75710435 -.00000066 +00000-0 +00000-0 0  9993
2 02655 003.4474 059.6719 0070160 340.1916 266.0465 01.07229323113213
OPS 9327 (IDSCS 14)
1 02654U 67003G   19302.37202087 -.00000129  00000-0  00000+0 0  9999
2 02654   3.5896  59.7288 0056181 350.5547 214.7289  1.07511803113474
OPS 9326 (IDSCS 13)
1 02653U 67003F   19301.04434358 -.00000073  00000-0  00000+0 0  9997
2 02653   3.6799  58.8352 0045784   4.1345 355.8507  1.07747951106605
OPS 9325 (IDSCS 12)
1 02652U 67003E   19301.57017057 -.00000064 +00000-0 +00000-0 0  9998
2 02652 003.7830 058.9779 0039326 018.6500 341.4252 01.07941967113950
OPS 9324 (IDSCS 11)
1 02651U 67003D   19301.30722854 -.00000124  00000-0  00000+0 0  9992
2 02651   3.8375  58.1863 0035608  34.6903 313.9351  1.08105765114082
OPS 9323 (IDSCS 10)
1 02650U 67003C   19301.84996403 -.00000121 +00000-0 +00000-0 0  9991
2 02650 003.8894 057.9627 0034649 047.4671 338.8964 01.08222376114220
OPS 9322 (IDSCS 9)
1 02649U 67003B   19301.42215619 -.00000116  00000-0  00000+0 0  9999
2 02649   3.9146  57.8453 0034792  54.0591   0.4482  1.08282261113189
OPS 9321 (IDSCS 8)
1 02645U 67003A   19301.65486382 -.00000085 +00000-0 +00000-0 0  9993
2 02645 003.9483 058.2605 0035162 057.0257 000.0145 01.08316868208208
SECOR 8 (EGRS 8)
1 02520U 66089B   19300.23224960 -.00000002 +00000-0 -18681-2 0  9999
2 02520 089.7089 051.2880 0015460 208.5049 151.4958 08.58902074173748
OPS 1920
1 02481U 66089A   19301.77431547 -.00000004 +00000-0 -27347-2 0  9997
2 02481 089.7091 051.1756 0031716 221.4300 138.4145 08.59252529664500
ERS 15
1 02412U 66077C   19301.82286819  .00000002  00000-0  00000+0 0  9994
2 02412  90.2375 251.5312 0013330 335.5843  24.4376  8.59071451666427
SECOR 7 (EGRS 7)
1 02411U 66077B   19301.25246803 -.00000030 +00000-0 -15687-1 0  9991
2 02411 090.2375 251.6856 0023300 332.5568 027.4052 08.59617825669191
OPS 0856
1 02403U 66077A   19301.85191781 +.00000057 +00000-0 +27306-1 0  9990
2 02403 090.2345 250.6540 0023206 336.1715 023.8061 08.59896998318154
OPS 9317 (IDSCS 7)
1 02221U 66053H   19300.33062089 -.00000130  00000-0  00000+0 0  9995
2 02221   3.8157  60.9162 0075100 110.5865 250.2037  1.06869714208063
OPS 9316 (IDSCS 6)
1 02220U 66053G   19302.38882050 -.00000116  00000-0  00000+0 0  9993
2 02220   3.9188  60.1482 0059951 118.8532 282.8148  1.07156972113078
OPS 9315 (IDSCS 5)
1 02219U 66053F   19302.09438992 -.00000066  00000-0  00000+0 0  9995
2 02219   4.0584  59.8032 0047832 128.3280 232.0252  1.07398015113355
OPS 9314 (IDSCS 4)
1 02218U 66053E   19301.84917890 -.00000125 +00000-0 +00000-0 0  9992
2 02218 004.1087 059.2365 0039400 138.5413 242.5413 01.07585544209333
OPS 9313 (IDSCS 3)
1 02217U 66053D   19301.73997756 -.00000103 +00000-0 +00000-0 0  9994
2 02217 004.2172 059.0213 0032664 151.3897 208.7215 01.07754143113401
OPS 9312 (IDSCS 2)
1 02216U 66053C   19301.99355027 -.00000096  00000-0  00000+0 0  9990
2 02216   4.2599  58.7985 0030023 161.0673 205.8520  1.07850714209844
OPS 9311 (IDSCS 1)
1 02215U 66053B   19301.57479640 -.00000064 +00000-0 +00000-0 0  9997
2 02215 004.2859 058.6710 0028498 167.4758 192.5310 01.07908161108212
SECOR 5 (EGRS 5)
1 01506U 65063A   19301.90465536 -.00000033 +00000-0 +13532-4 0  9999
2 01506 069.2335 312.0965 0789491 287.4661 140.0321 11.78633689332696
OPS 6564 (VELA 6)
1 01459U 65058B   19238.86111111 -.00000836  00000-0  00000+0 0  9993
2 01459  24.1935  41.5244 4945785 346.8555 358.6559  0.21427827 42722
OPS 6577 (VELA 5)
1 01458U 65058A   19125.31654062 -.00001336  00000-0  00000+0 0  9990
2 01458  22.0081   0.4570 5080618 251.5379 358.5846  0.21432019 80637
SECOR 4 (EGRS 4)
1 01315U 65027B   19301.63851495 -.00000039  00000-0 -16954-3 0  9997
2 01315  90.2863 318.8718 0032470  50.4938  72.0461 12.92606023574334
OPS 4682 (SNAPSHOT)
1 01314U 65027A   19301.94606299 +.00000043 +00000-0 +13347-3 0  9996
2 01314 090.2945 308.6908 0031721 126.5919 292.1736 12.91758064318174
OPS 4988 (GREB 6)
1 01271U 65016A   19302.19256516 -.00000041  00000-0  84553-5 0  9995
2 01271  70.0786 280.9075 0020242   9.4348  77.1416 13.96122073781141
SECOR 3
1 01208U 65016E   19302.18883885 -.00000039  00000-0  97666-5 0  9995
2 01208  70.0786 302.1585 0018996  22.9124  52.1133 13.95585600781539
OPS 3674 (VELA 4)
1 00837U 64040B   17215.03688706 -.00000943 +00000-0 +00000-0 0  9993
2 00837 033.0826 272.2111 7980820 237.8610 359.0133 00.24306808046510
OPS 3662 (VELA 3)
1 00836U 64040A   19100.51506547  .00000344  00000-0  00000+0 0  9995
2 00836  59.6979 296.3610 7751348 212.1424   1.6620  0.23922826 47800
OPS 4467 B
1 00813U 64031B   19301.59728112 -.00000025  00000-0  12773-4 0  9997
2 00813  99.8431 141.9326 0006037 111.9891 248.1925 14.23043819870663
OPS 3367 B
1 00735U 64002C   19302.03652526 -.00000028  00000-0  81203-5 0  9991
2 00735  99.1092  97.8248 0017672 104.1398 256.1746 14.27813614900933
OPS 3367 A
1 00734U 64002B   19302.07477523 -.00000020  00000-0  11085-4 0  9998
2 00734  99.1091 103.3328 0014594   4.3772 355.7533 14.28859597902753
GREB
1 00731U 64001E   19301.82912517 -.00000056 +00000-0 -16844-5 0  9992
2 00731 069.9063 071.1192 0016792 263.4936 096.4257 13.95841132839386
SECOR 1B
1 00729U 64001C   19302.08018144 -.00000063  00000-0 -67986-5 0  9992
2 00729  69.8999  88.9852 0016605 297.8781  62.0641 13.94898023839321
VELA 1
1 00692U 63039C   18236.14976426 -.00001479 +00000-0 +00000-0 0  9999
2 00692 027.2026 342.0351 6396976 210.0920 087.3147 00.22178276044278
VELA 2
1 00674U 63039A   17188.99088534 -.00000316 +00000-0 +00000-0 0  9990
2 00674 026.6946 195.0207 5924984 116.6382 359.2663 00.22202230043592
ERS 9
1 00635U 63030B   19301.34792885 -.00000000  00000-0 -13472-2 0  9997
2 00635  88.4345 350.8758 0059211 305.7613  53.7741  8.57927312762946
MIDAS 7 / ERS 10
1 00622U 63030A   19301.77047526 +.00000004 +00000-0 +85155-3 0  9995
2 00622 088.4268 347.2500 0038128 325.2873 034.5491 08.57931677251930
ERS 6
1 00608U 63014C   19301.78612206 -.00000010 +00000-0 -58498-2 0  9993
2 00608 087.3289 064.6677 0082674 346.1636 013.6956 08.65289111783879
MIDAS 6 (FTV 1169)
1 00574U 63014A   19302.40031490 -.00000016  00000-0 -90918-2 0  9994
2 00574  87.3310  66.7107 0036267  42.2844 318.0798  8.65272501  8487
ANNA 1B
1 00446U 62060A   19301.90003663 -.00000135 +00000-0 -16588-4 0  9992
2 00446 050.1414 113.4639 0070240 023.3284 089.0520 13.35270436779947
FTV 3502
1 00369U 62039A   19301.70968417  .00000154  00000-0  24852-4 0  9999
2 00369  98.4746 184.2997 0093087  27.0830 333.5195 14.83658608 56026
MIDAS 5 (STRONGBACK)
1 00271U 62010A   19301.85530846 +.00000001 +00000-0 -83155-3 0  9999
2 00271 086.6490 308.2800 0331269 125.2985 237.9374 09.41309630977735
MIDAS 4
1 00192U 61028A   19301.72326546 -.00000029 +00000-0 -11383-1 0  9998
2 00192 095.8655 073.8733 0140520 179.3677 180.7372 08.67760774837946
MIDAS 3
1 00163U 61018A   19301.83876714 -.00000038 +00000-0 -13845-1 0  9999
2 00163 091.1997 098.8790 0101379 294.8331 064.2027 08.91835551897954
COURIER 1B
1 00058U 60013A   19301.89120224 +.00000099 +00000-0 +19228-4 0  9999
2 00058 028.3271 194.4762 0164992 303.8310 054.6628 13.46319419907255
