GEO-KOMPSAT-2A
1 43823U 18100A   19301.85528543 -.00000356 +00000-0 +00000-0 0  9999
2 43823 000.0124 081.2715 0001611 039.1618 352.6281 01.00268983003322
GOES 17
1 43226U 18022A   19302.60674341  .00000086  00000-0  00000+0 0  9999
2 43226   0.0074  23.8723 0000217 142.3987 312.6137  1.00270985  6145
NOAA 20 (JPSS 1)
1 43013U 17073A   19302.46079857 -.00000005  00000-0  18190-4 0  9999
2 43013  98.7308 238.6510 0000744  77.5696 282.5563 14.19546698100744
FENGYUN 3D
1 43010U 17072A   19302.43369887  .00000009  00000-0  25012-4 0  9991
2 43010  98.7238 239.7105 0002210  45.8808 314.2548 14.19729454101276
WNISAT 1R
1 42835U 17042L   19302.46662197  .00000070  00000-0  12427-4 0  9999
2 42835  97.5455 189.8948 0012853 343.3255  16.7540 14.91155546124731
CYGFM03
1 41891U 16078H   19302.44518938  .00000498  00000-0  27778-4 0  9998
2 41891  34.9560  55.0473 0012466 142.5517 217.6065 15.14974105158963
CYGFM07
1 41890U 16078G   19302.51618969  .00000496  00000-0  27684-4 0  9994
2 41890  34.9528  54.4249 0013005 144.1235 216.0352 15.14974437158976
CYGFM06
1 41889U 16078F   19301.74700092  .00000516  00000-0  28759-4 0  9992
2 41889  34.9589  60.0040 0013154 134.0545 226.1251 15.14975049158857
CYGFM08
1 41888U 16078E   19301.72317537  .00000510  00000-0  28633-4 0  9992
2 41888  34.9507  62.9854 0014728 135.5571 224.6324 15.14702212158813
CYGFM01
1 41887U 16078D   19302.45886793  .00000476  00000-0  27129-4 0  9997
2 41887  34.9538  61.6612 0015554 136.7752 223.4183 15.14291684158902
CYGFM02
1 41886U 16078C   19302.49415889  .00000482  00000-0  26940-4 0  9991
2 41886  34.9595  56.6783 0014280 141.1394 219.0346 15.14984914158967
CYGFM04
1 41885U 16078B   19302.43530242  .00000496  00000-0  27662-4 0  9992
2 41885  34.9503  55.4712 0013544 144.1269 216.0353 15.14982326158960
CYGFM05
1 41884U 16078A   19301.72772880  .00000502  00000-0  28390-4 0  9995
2 41884  34.9570  65.4206 0015049 128.9043 231.3012 15.14476224158804
FENGYUN 4A
1 41882U 16077A   19301.99416506 -.00000341  00000-0  00000+0 0  9996
2 41882   0.1974 287.6949 0003058 115.6931  96.1679  1.00274048 10682
GOES 16
1 41866U 16071A   19302.46079017 -.00000259  00000-0  00000+0 0  9995
2 41866   0.0207  68.4225 0000235 191.0956 228.6879  1.00271004 10811
YUNHAI 1
1 41857U 16068A   19302.40454628  .00000142  00000-0  68522-4 0  9998
2 41857  98.5522 299.2840 0012923 310.1751  49.8303 14.32590376154880
HIMAWARI 9
1 41836U 16064A   19302.50388472 -.00000286  00000-0  00000+0 0  9997
2 41836   0.0322  33.0038 0000262 146.7879 179.9230  1.00270171 11013
SCATSAT 1
1 41790U 16059H   19302.40568758  .00000006  00000-0  12429-4 0  9998
2 41790  98.1951 344.1905 0004477 280.6458  79.4233 14.50891781163571
INSAT 3DR
1 41752U 16054A   19302.56233282 -.00000088  00000-0  00000+0 0  9997
2 41752   0.1570  96.3842 0012142 171.7834  45.8685  1.00271182 11513
ELEKTRO-L 2
1 41105U 15074A   19302.13199785 -.00000108  00000-0  00000+0 0  9995
2 41105   0.6503 101.8179 0000423  99.7740 319.1342  1.00271699 14226
MSG 4
1 40732U 15034A   19302.29806218 -.00000014  00000-0  00000+0 0  9995
2 40732   0.7740 248.1092 0000641 294.1107 322.4997  1.00265717 15749
FENGYUN 2G
1 40367U 14090A   19301.99311823 -.00000312  00000-0  00000+0 0  9990
2 40367   1.5334  98.1757 0002679 287.2998 108.6040  1.00277929 17749
HIMAWARI 8
1 40267U 14060A   19301.85772803 -.00000287 +00000-0 +00000-0 0  9992
2 40267 000.0456 152.2973 0000942 052.0393 282.0482 01.00272332018467
METEOR M2
1 40069U 14037A   19302.40854614 -.00000028  00000-0  64993-5 0  9998
2 40069  98.5365 343.3308 0004809 228.2497 131.8269 14.20665935275269
DMSP 5D-3 F19 (USA 249)
1 39630U 14015A   19302.59006235 -.00000000  00000-0  22703-4 0  9996
2 39630  98.7602 313.0458 0009374 274.6266  85.3837 14.13929631287544
FENGYUN 3C
1 39260U 13052A   19302.40795103  .00000017  00000-0  29910-4 0  9998
2 39260  98.5874 356.6469 0011611 157.8358 202.3320 14.15875100315787
INSAT 3D
1 39216U 13038B   19302.59328337 -.00000167  00000-0  00000+0 0  9995
2 39216   0.0684  99.3617 0000981 114.8600 119.0764  1.00270389 23018
KMS 3-2
1 39026U 12072A   19302.14970595  .00002046  00000-0  75831-4 0  9997
2 39026  97.2153 301.0586 0037535 353.2087   6.8639 15.28113743381822
METOP-B
1 38771U 12049A   19302.48720006  .00000011  00000-0  24959-4 0  9999
2 38771  98.7271 359.9232 0000741  31.9534  26.0741 14.21481858369068
EXACTVIEW-1
1 38709U 12039C   19302.53068463 -.00000023  00000-0  10936-4 0  9991
2 38709  99.1334 322.1039 0009912 301.2079  58.8128 14.24001828377842
METEOSAT 10 (MSG 3)
1 38552U 12035B   19302.29285521  .00000050  00000-0  00000+0 0  9997
2 38552   1.0749 348.4269 0001720 230.8062 292.9709  1.00275152 26923
FENGYUN 2F
1 38049U 12002A   19302.15517190 -.00000367  00000-0  00000+0 0  9999
2 38049   1.5323  82.9841 0001265 305.9176 176.3421  1.00274718 28595
SUOMI NPP
1 37849U 11061A   19302.16613831  .00000014  00000-0  27544-4 0  9995
2 37849  98.7108 238.4943 0000897 107.3088   5.5322 14.19555450414667
ELEKTRO-L
1 37344U 11001A   19302.22170889 -.00000132  00000-0  00000+0 0  9992
2 37344   4.2254  73.8693 0005615 312.8552 347.5282  1.00388045 32161
FENGYUN 3B
1 37214U 10059A   19302.42973727  .00000030  00000-0  38261-4 0  9995
2 37214  99.0168 275.9524 0016509 202.6415 157.4035 14.15928577464847
COMS 1
1 36744U 10032A   19302.42955969 -.00000355  00000-0  00000+0 0  9997
2 36744   0.0467  93.1968 0000632 127.3552  99.7371  1.00270507 34358
GOES 15
1 36411U 10008A   19302.52296878  .00000045  00000-0  00000+0 0  9994
2 36411   0.2612 277.3809 0002317 253.3576 286.7166  1.00267166 35371
DMSP 5D-3 F18 (USA 210)
1 35951U 09057A   19302.59912189  .00000014  00000-0  30021-4 0  9998
2 35951  98.6287 295.5253 0010318 315.0970  44.9368 14.13226719517254
METEOR-M
1 35865U 09049A   19302.49616488  .00000017  00000-0  26526-4 0  9993
2 35865  98.4210 294.6639 0003079 129.1203 231.0249 14.22212527524953
GOES 14
1 35491U 09033A   19302.49850675 -.00000106  00000-0  00000+0 0  9993
2 35491   0.2523 279.5066 0012586 301.9670 251.3662  1.00271961 37865
NOAA 19
1 33591U 09005A   19302.58866109 -.00000009  00000-0  20601-4 0  9996
2 33591  99.1895 296.9873 0014154   9.9433 350.2016 14.12381368552669
FENGYUN 2E
1 33463U 08066A   19302.49306748 -.00000213  00000-0  00000+0 0  9991
2 33463   3.8628  69.0073 0004259 266.6312 326.1792  1.00273390 39792
SHIYUAN 3 (SY-3)
1 33433U 08056A   19302.41295917  .00000021  00000-0  25610-4 0  9999
2 33433  98.6907 298.6476 0014525  41.3017 318.9265 14.29740301572911
FENGYUN 3A
1 32958U 08026A   19302.44609444  .00000023  00000-0  30833-4 0  9999
2 32958  98.3879 295.4636 0007864 294.8323  65.2035 14.18610676591932
FENGYUN 2D
1 29640U 06053A   19302.01571234 -.00000080  00000-0  00000+0 0  9991
2 29640   6.4347  53.9212 0011565 332.1429 229.7891  0.98192558 47209
DMSP 5D-3 F17 (USA 191)
1 29522U 06050A   19302.60475439  .00000014  00000-0  30210-4 0  9999
2 29522  98.8157 317.3483 0010970 114.9929 245.2384 14.14006242669970
METOP-A
1 29499U 06044A   19302.52126010  .00000021  00000-0  29004-4 0  9991
2 29499  98.5590 351.8331 0001013 127.4163  10.6393 14.21486712675932
MTSAT-2
1 28937U 06004A   19302.50466986 -.00000254  00000-0  00000+0 0  9999
2 28937   0.0546 274.8368 0003808 303.1057 146.2649  1.00267238 50064
METEOSAT 9 (MSG 2)
1 28912U 05049B   19302.18931188  .00000010  00000-0  00000+0 0  9994
2 28912   3.9361  70.8585 0000946 116.4093 281.4852  1.00274954 50784
NOAA 18
1 28654U 05018A   19302.59967256  .00000073  00000-0  64365-4 0  9991
2 28654  99.0802 351.4597 0014704 160.7665 199.4064 14.12462483744289
MTSAT-1R
1 28622U 05006A   19301.83722757 +.00000003 +00000-0 +00000-0 0  9999
2 28622 003.6511 078.7788 0016016 236.9465 060.1691 00.98912496020049
FENGYUN 2C
1 28451U 04042A   19301.70956075 -.00000128  00000-0  00000+0 0  9994
2 28451   8.6596  45.6980 0006891 304.4363  59.7069  0.98083262 54626
DMSP 5D-3 F16 (USA 172)
1 28054U 03048A   19302.58951597 -.00000046  00000-0 -63097-6 0  9991
2 28054  98.8827 277.8085 0007780 154.0077 316.2011 14.13675974827138
INSAT 3A
1 27714U 03013A   19302.56233282  .00000006  00000-0  00000+0 0  9999
2 27714   3.0348  82.9531 0011792 247.2637 343.7233  0.99796070 60604
KALPANA 1 (METSAT 1)
1 27525U 02043A   19302.17980314 -.00000174  00000-0  00000+0 0  9990
2 27525   9.0903  49.2471 0003858  61.1069 307.5958  0.98339344 62657
METEOSAT 8 (MSG 1)
1 27509U 02040B   19300.19071262  .00000129  00000-0  00000+0 0  9991
2 27509   6.3108  55.0361 0001072 208.8017 241.4943  1.00276571 62935
FENGYUN 1D
1 27431U 02024B   19302.48300961  .00000052  00000-0  56069-4 0  9998
2 27431  99.1282 292.2008 0015264 185.5984 174.5017 14.09685564898177
GOES 12
1 26871U 01031A   19302.41359552  .00000063  00000-0  00000+0 0  9996
2 26871   7.8341  54.1958 0008247 250.5670 290.4344  0.99135752 66714
NOAA 16
1 26536U 00055A   19302.61535696  .00000015  00000-0  31262-4 0  9992
2 26536  98.7633  11.9084 0010982  31.9076 328.2760 14.13238314985009
FENGYUN 2B
1 26382U 00032A   19301.54755096 -.00000291 +00000-0 +00000-0 0  9994
2 26382 010.9062 033.4137 0005119 286.6537 058.9663 01.00105458070665
GOES 11
1 26352U 00022A   19302.35305376 -.00000127  00000-0  00000+0 0  9999
2 26352   6.6913  66.6884 0004943 190.5553  12.1507  0.99041242 71006
FENGYUN 1C
1 25730U 99025A   19302.02562979  .00000604  00000-0  33215-3 0  9994
2 25730  99.0717 303.3558 0013955 310.1212  79.2189 14.15603667 54556
NOAA 15
1 25338U 98030A   19302.59814160  .00000023  00000-0  28518-4 0  9993
2 25338  98.7393 323.5785 0009882 211.8552 148.2031 14.25936821116183
METEOSAT 7
1 24932U 97049B   19302.24348538 -.00000054  00000-0  00000+0 0  9990
2 24932  11.5537  30.6446 0011591 340.3482  29.1180  0.98308275 80920
ORBVIEW 2 (SEASTAR)
1 24883U 97037A   19302.18543193  .00000074  00000-0  42618-4 0  9996
2 24883  98.5955  51.9089 0003401  80.0770 280.0798 14.33525340175692
FENGYUN 2A
1 24834U 97029A   19301.46229802 -.00000155 +00000-0 +00000-0 0  9997
2 24834 014.3980 023.3639 0097644 180.8853 185.8811 00.96051698080124
GOES 10
1 24786U 97019A   19302.10879308 -.00000261  00000-0  00000+0 0  9993
2 24786  10.3366  36.7063 0027511 186.2115 173.0446  0.99124875 82047
DMSP 5D-2 F14 (USA 131)
1 24753U 97012A   19302.59359433  .00000011  00000-0  28932-4 0  9996
2 24753  99.0316 311.2973 0009382 138.0096 222.1798 14.15870687165657
DMSP 5D-2 F13 (USA 109)
1 23533U 95015A   19302.65054501 -.00000005  00000-0  20092-4 0  9990
2 23533  98.8091 302.3769 0005955 221.6674 250.0200 14.15880288270356
HIMAWARI 5 (GMS 5)
1 23522U 95011B   19301.81002233 +.00000066 +00000-0 +00000-0 0  9995
2 23522 013.2556 022.2475 0005286 065.9643 283.7706 00.99403382089507
METEOSAT 6
1 22912U 93073B   19302.05666666 -.00000246  00000-0  00000+0 0  9996
2 22912  13.8004  19.2273 0004182 215.2749 170.4536  0.98986422 93010
NOAA 12
1 21263U 91032A   19302.61098613 -.00000008  00000-0  14414-4 0  9995
2 21263  98.5139 314.2542 0012509 274.4141  85.5610 14.25901354479911
METEOSAT 5 (MOP 2)
1 21140U 91015B   19302.10303551 -.00000114  00000-0  00000+0 0  9993
2 21140  15.2734   8.8480 0008326 238.2186 117.7738  0.98450734106347
FENGYUN 1B
1 20788U 90081A   19302.48455879 -.00000212  00000-0 -10992-3 0  9999
2 20788  98.7942 311.9073 0014955 248.0336 111.9242 14.02690681492114
FENGYUN 1A
1 19467U 88080A   19302.09231406 -.00000239  00000-0 -12360-3 0  9992
2 19467  99.2497 298.2136 0013782 194.9032 165.1729 14.03089913594264
OPS 5390
1 11389U 79050A   19302.50713853  .00000022  00000-0  25439-4 0  9991
2 11389  98.3142 292.6622 0013196  70.2987 289.9618 14.27887371 29847
COSMOS 1045
1 11084U 78100A   19302.37716708 -.00000004  00000-0 -16935-3 0  9997
2 11084  82.5476 332.7948 0013186 128.4868 357.2134 11.96756876791637
NIMBUS 7
1 11080U 78098A   19302.44919714 -.00000042  00000-0  47590-5 0  9993
2 11080  99.6018  97.3586 0008841 183.9147 176.1939 13.84309541 71717
OPS 5644
1 10033U 77044A   19302.19986330  .00000035  00000-0  32285-4 0  9995
2 10033  99.0400 202.5492 0039838  41.5756 318.8442 14.29293647 21846
NIMBUS 6
1 07924U 75052A   19301.69347775 -.00000028 +00000-0 +31921-4 0  9994
2 07924 100.1358 194.4531 0007507 312.8551 100.9391 13.40717788171360
OPS 6226
1 07816U 75043A   19302.16461883  .00000044  00000-0  38314-4 0  9994
2 07816  98.7893 131.7074 0053085   9.2292 350.9849 14.23656539 14946
NIMBUS 5
1 06305U 72097A   19301.78120796 -.00000054 +00000-0 -15494-4 0  9991
2 06305 099.9453 207.2141 0007966 308.4661 120.0741 13.44129084299144
ITOS 1 (TIROS M)
1 04320U 70008A   19301.84207319 -.00000029 +00000-0 +10150-3 0  9994
2 04320 101.7217 009.3500 0028279 334.6784 137.6325 12.52055878470562
ESSA 9 (TOS-G)
1 03764U 69016A   19301.83006208 -.00000049 +00000-0 -37228-4 0  9994
2 03764 101.6636 356.7631 0051240 125.9382 004.3017 12.49836388685071
ESSA 8 (TOS-F)
1 03615U 68114A   19301.91079974 -.00000051 +00000-0 -46777-4 0  9998
2 03615 101.3419 271.8854 0032058 025.4494 334.8152 12.56204455332274
ESSA 7 (TOS-E)
1 03345U 68069A   19301.93475826 -.00000030 +00000-0 +81826-4 0  9995
2 03345 101.3961 323.4303 0026466 223.1733 198.5840 12.52974892341485
ESSA 6 (TOS-D)
1 03035U 67114A   19301.90077288 -.00000053 +00000-0 -29468-4 0  9998
2 03035 102.2432 321.7474 0048847 051.8448 016.9903 12.54219533378805
ESSA 5
1 02757U 67036A   19301.85127310 -.00000038  00000-0  46186-4 0  9995
2 02757 101.8069  21.1384 0042864 353.9948 114.6986 12.68500291432145
ESSA 4 (TOS-B)
1 02657U 67006A   19302.15066515 -.00000031  00000-0  85853-4 0  9991
2 02657 101.9874   3.0160 0073173   3.8252  50.0401 12.69845362445428
ESSA 3 (TOS-A)
1 02435U 66087A   19301.92976521 -.00000034 +00000-0 +40469-4 0  9991
2 02435 100.9373 328.8134 0063822 209.8510 215.1537 12.56841899434574
OPS 0340
1 02125U 66026A   19301.66212664 +.00000054 +00000-0 +20788-4 0  9995
2 02125 098.1030 158.6346 0154360 258.3049 100.0794 14.56685202806404
ESSA 2 (OT-2)
1 02091U 66016A   19301.77698118 -.00000042 +00000-0 +50306-5 0  9998
2 02091 101.1796 234.2067 0038923 135.1829 279.3435 12.69379430486136
ESSA 1 (OT-3)
1 01982U 66008A   19301.90626810 +.00000007 +00000-0 +12951-4 0  9995
2 01982 097.8285 097.6348 0081850 011.1589 349.1395 14.46904314807392
OPS 8068
1 01580U 65072A   19302.18636956  .00000032  00000-0  24799-4 0  9993
2 01580  98.4246 160.9296 0234790 359.7642   0.3393 14.27550499807709
TIROS 10
1 01430U 65051A   19302.20612775 -.00000003  00000-0  12170-4 0  9999
2 01430  98.2652  70.4616 0056859 164.2919 196.0050 14.40262639847468
TIROS 9
1 00978U 65004A   19301.74642419  .00000125  00000-0  18261-3 0  9999
2 00978  96.3891 153.5959 1157948 233.6289 115.2449 12.10883448418690
COSMOS 44
1 00876U 64053A   19302.16709392 -.00000083  00000-0  93988-5 0  9995
2 00876  65.0603 270.0331 0126611 137.6032 223.4937 14.63742314934391
TIROS 8
1 00716U 63054A   19302.52898585 -.00000041  00000-0  24118-4 0  9993
2 00716  58.4960 336.6469 0026580  33.4534 326.8176 14.69505252980412
TIROS 6
1 00397U 62047A   19301.91904469 -.00000052 +00000-0 +17694-4 0  9993
2 00397 058.3052 185.1523 0014871 070.5461 289.7189 14.88406993051016
TIROS 5
1 00309U 62025A   19301.81473032 -.00000095 +00000-0 +19896-4 0  9991
2 00309 058.0907 091.7715 0194057 175.8801 184.3881 14.56816258028413
TIROS 4
1 00226U 62002A   19301.84403296 -.00000110 +00000-0 +17430-4 0  9992
2 00226 048.2952 162.8810 0078215 000.1588 359.9324 14.45659666017716
TIROS 3
1 00162U 61017A   19302.13583985 -.00000104  00000-0  17037-4 0  9999
2 00162  47.8992 214.2359 0044795 189.9030 170.0984 14.44040350 66753
TIROS 1
1 00029U 60002B   19302.48194414 -.00000093  00000-0  17202-4 0  9998
2 00029  48.3802 323.3385 0024498 318.8268  41.0795 14.74325134184427
