IRIDIUM 154
1 43574U 18061F   19304.26401122  .00000173  00000-0  54677-4 0  9998
2 43574  86.3984 348.4603 0002448  98.5836 261.5637 14.34215459 66413
IRIDIUM 166
1 43570U 18061B   19304.53673800  .00000079  00000-0  21053-4 0  9995
2 43570  86.3982 348.3337 0001937  93.0849 267.0568 14.34216369 66444
IRIDIUM 110
1 43481U 18047F   19304.35623019  .00000103  00000-0  29612-4 0  9994
2 43481  86.4016  20.0397 0001946  88.1775 271.9644 14.34216183 75495
IRIDIUM 146
1 43254U 18030F   19304.27568862  .00000095  00000-0  26854-4 0  9994
2 43254  86.4019 222.0976 0001825  93.5855 266.5549 14.34218012 83146
IRIDIUM 162
1 43482U 18047G   19304.33778264  .00000123  00000-0  30511-4 0  9998
2 43482  86.4537  20.1051 0002181  85.0406 275.1044 14.43283638 75951
IRIDIUM 180
1 43922U 19002A   19304.44745635  .00000063  00000-0  15273-4 0  9998
2 43922  86.3928 285.1654 0002921 113.0435 247.1069 14.34218105 42060
IRIDIUM 163
1 43575U 18061G   19304.52406801  .00000084  00000-0  23032-4 0  9999
2 43575  86.3981 348.3404 0001840 111.5667 248.5725 14.34218207 66420
IRIDIUM 164
1 43577U 18061J   19304.20058197  .00000092  00000-0  25780-4 0  9998
2 43577  86.3983 348.4837 0002296  99.4467 260.6989 14.34216759 66419
IRIDIUM 172
1 43927U 19002F   19304.49183695  .00000066  00000-0  16515-4 0  9993
2 43927  86.3927 285.1432 0002407  97.1912 262.9557 14.34215583 42007
IRIDIUM 176
1 43923U 19002B   19304.48913414  .00000098  00000-0  11625-4 0  9990
2 43923  86.6063 285.1662 0002254  93.9264 266.2210 14.72251560 43096
IRIDIUM 173
1 43925U 19002D   19304.49817288  .00000061  00000-0  14813-4 0  9997
2 43925  86.3927 285.1401 0002317  93.1572 266.9888 14.34219586 42007
IRIDIUM 142
1 43256U 18030H   19304.35179786  .00000036  00000-0  58529-5 0  9998
2 43256  86.4018 222.0527 0002080  85.4778 274.6656 14.34216778 83154
IRIDIUM 158
1 43571U 18061C   19304.50503169  .00000083  00000-0  22579-4 0  9992
2 43571  86.3982 348.3543 0002058 102.5567 257.5859 14.34216680 66412
IRIDIUM 155
1 43573U 18061E   19304.49234283  .00000077  00000-0  20404-4 0  9998
2 43573  86.3980 348.3459 0002085  75.9191 284.2236 14.34216094 66408
IRIDIUM 122
1 42957U 17061C   19304.51429488  .00000074  00000-0  19329-4 0  9999
2 42957  86.3936 316.7737 0002662  76.1384 284.0108 14.34218861107822
IRIDIUM 169
1 43926U 19002E   19304.50261416  .00000050  00000-0  10065-4 0  9999
2 43926  87.1825 315.5218 0003906  52.9544 307.2012 14.38639319 42209
IRIDIUM 170
1 43930U 19002J   19304.49531252  .00000094  00000-0  11061-4 0  9995
2 43930  86.6063 285.1711 0002027  85.8975 274.2474 14.72251101 43100
IRIDIUM 147
1 43480U 18047E   19304.28012374  .00000100  00000-0  28799-4 0  9993
2 43480  86.4012  20.0441 0002451  93.2738 266.8738 14.34217355 75497
IRIDIUM 131
1 43079U 17083K   19304.36156132  .00000082  00000-0  22048-4 0  9996
2 43079  86.3974 253.6481 0002327  81.3629 278.7830 14.34217111 97123
IRIDIUM 148
1 43255U 18030G   19304.38351482  .00000098  00000-0  27890-4 0  9999
2 43255  86.4021 222.0611 0002225  91.2594 268.8857 14.34218510 83203
IRIDIUM 143
1 43258U 18030K   19304.37082507  .00000096  00000-0  27221-4 0  9996
2 43258  86.4024 222.0753 0001436  96.4908 263.6451 14.34217975 83145
IRIDIUM 119
1 42959U 17061E   19304.50794322  .00000030  00000-0  36974-5 0  9990
2 42959  86.3936 316.8005 0002569  85.3607 274.7883 14.34215095107854
IRIDIUM 171
1 43929U 19002H   19304.47281518  .00000059  00000-0  14122-4 0  9990
2 43929  86.3937 285.1885 0002451  93.8012 266.3463 14.34216842 41995
IRIDIUM 161
1 43478U 18047C   19304.34409282  .00000110  00000-0  26618-4 0  9994
2 43478  86.4538  20.1777 0002389  87.3347 272.8127 14.43279334 75966
IRIDIUM 133
1 42955U 17061A   19304.13372747  .00000079  00000-0  21296-4 0  9991
2 42955  86.3940 316.9613 0002578  83.4218 276.7271 14.34215732107769
IRIDIUM 165
1 43572U 18061D   19304.53040397  .00000079  00000-0  21310-4 0  9992
2 43572  86.3984 348.3458 0002046 100.5961 259.5465 14.34218113 66433
IRIDIUM 141
1 43077U 17083H   19304.44402197  .00000084  00000-0  22821-4 0  9999
2 43077  86.3969 253.5896 0002504  86.2663 273.8819 14.34217563 97206
IRIDIUM 159
1 43578U 18061K   19304.51770713  .00000079  00000-0  21060-4 0  9990
2 43578  86.3980 348.3387 0002336  97.0836 263.0626 14.34220414 66424
IRIDIUM 150
1 43257U 18030J   19304.32007960  .00000090  00000-0  25247-4 0  9990
2 43257  86.4020 222.1043 0001945  81.0066 279.1350 14.34219578 83199
IRIDIUM 151
1 43074U 17083E   19304.46940180  .00000082  00000-0  22074-4 0  9995
2 43074  86.3971 253.5931 0002429  94.2567 265.8906 14.34215005 97177
IRIDIUM 100
1 42956U 17061B   19304.47623498  .00000085  00000-0  23346-4 0  9996
2 42956  86.3935 316.7942 0002149  89.6608 270.4834 14.34218605107838
IRIDIUM 145
1 43253U 18030E   19304.36448315  .00000090  00000-0  24942-4 0  9994
2 43253  86.4020 222.0432 0001073 127.8567 232.2726 14.34216094 83145
IRIDIUM 113
1 42803U 17039A   19304.48207039  .00000044  00000-0  85240-5 0  9999
2 42803  86.3976 253.5749 0002389  74.0462 286.0997 14.34216039124223
IRIDIUM 160
1 43569U 18061A   19304.51138633  .00000074  00000-0  19237-4 0  9997
2 43569  86.3983 348.3605 0002426  98.2302 261.9169 14.34217709 66412
IRIDIUM 137
1 43076U 17083G   19304.38059357  .00000081  00000-0  21973-4 0  9991
2 43076  86.3973 253.6530 0002517  94.5879 265.5604 14.34216490 97197
IRIDIUM 157
1 43251U 18030C   19304.35814767  .00000099  00000-0  28278-4 0  9994
2 43251  86.4020 222.0497 0002580  87.4176 272.7315 14.34218490 83151
IRIDIUM 120
1 42805U 17039C   19304.47572618  .00000077  00000-0  20260-4 0  9994
2 42805  86.3965 253.6737 0002327  71.7903 288.3546 14.34215351124217
IRIDIUM 168
1 43924U 19002C   19304.51086769  .00000063  00000-0  15330-4 0  9998
2 43924  86.3930 285.1476 0002487  94.5836 265.5644 14.34216042 42018
IRIDIUM 126
1 42809U 17039G   19304.46012382  .00000074  00000-0  19233-4 0  9999
2 42809  86.3929 285.1800 0002248  85.3734 274.7718 14.34219046122995
IRIDIUM 129
1 42958U 17061D   19304.46989134  .00000073  00000-0  18915-4 0  9992
2 42958  86.3936 316.8328 0002522  82.7560 277.3922 14.34217542107839
IRIDIUM 152
1 43479U 18047D   19304.27377146  .00000098  00000-0  27821-4 0  9992
2 43479  86.4012  20.0833 0002213 104.4631 255.6810 14.34220561 75505
IRIDIUM 115
1 42806U 17039D   19304.36300135  .00000087  00000-0  19971-4 0  9994
2 42806  86.4504 253.4768 0004640 100.4759 259.6965 14.43282747125095
IRIDIUM 136
1 42962U 17061H   19304.49526032  .00000090  00000-0  25056-4 0  9997
2 42962  86.3938 316.8041 0002616  87.6681 272.4815 14.34215568107877
IRIDIUM 116
1 43072U 17083C   19304.38693393  .00000071  00000-0  18192-4 0  9999
2 43072  86.3969 253.6256 0002340  94.1024 266.0439 14.34216496 97193
IRIDIUM 153
1 43078U 17083J   19304.39619237  .00000118  00000-0  34915-4 0  9994
2 43078  86.4022 222.0415 0003127  71.7929 288.3607 14.34215804 98306
IRIDIUM 128
1 42811U 17039J   19304.52062058  .00000076  00000-0  20189-4 0  9998
2 42811  86.3936 316.7379 0002814  74.0915 286.0591 14.34220716123029
IRIDIUM 134
1 43075U 17083F   19304.50743785  .00000019  00000-0 -25130-6 0  9992
2 43075  86.3972 253.5508 0001986  78.3532 281.7886 14.34215326 97148
IRIDIUM 167
1 43931U 19002K   19304.46646567  .00000066  00000-0  16394-4 0  9992
2 43931  86.3928 285.1549 0002880 108.2231 251.9279 14.34217701 41995
DUMMY MASS 2
1 24926U 97048B   19304.14477195  .00000081  00000-0  62390-5 0  9990
2 24926  86.3382   5.4014 0006209 215.3769 144.7043 14.84980139199930
IRIDIUM 156
1 43576U 18061H   19304.49868033  .00000088  00000-0  24232-4 0  9992
2 43576  86.3981 348.3555 0001776  92.3995 267.7404 14.34218381 66404
IRIDIUM 139
1 42963U 17061J   19304.50160698  .00000081  00000-0  21895-4 0  9999
2 42963  86.3938 316.8243 0002259  85.6729 274.4725 14.34220485107883
IRIDIUM 107
1 42960U 17061F   19304.52696771  .00000086  00000-0  23780-4 0  9994
2 42960  86.3937 316.7988 0002189  86.9463 273.1984 14.34216135107874
IRIDIUM 42
1 25077U 97077A   19304.31433369  .00000056  00000-0  12764-4 0  9995
2 25077  86.4013  19.7583 0002093  80.1786 279.9646 14.34568935146352
IRIDIUM 118
1 42807U 17039E   19304.48552049  .00000078  00000-0  20620-4 0  9994
2 42807  86.3928 285.1770 0002538  94.8806 265.2679 14.34217380122995
IRIDIUM 63
1 25286U 98021B   19304.38600979  .00000129  00000-0  38628-4 0  9995
2 25286  86.4039 222.2076 0002267  88.9855  50.0925 14.34793798129240
IRIDIUM 106
1 41917U 17003A   19304.33719921  .00000102  00000-0  29470-4 0  9994
2 41917  86.4016  20.1457 0001768  88.6212 271.5186 14.34216698146226
IRIDIUM 125
1 42964U 17061K   19304.48892193  .00000079  00000-0  21112-4 0  9998
2 42964  86.3940 316.8470 0002191  86.9781 273.1665 14.34218164107897
IRIDIUM 144
1 43249U 18030A   19304.33277290  .00000099  00000-0  28458-4 0  9993
2 43249  86.4020 222.0683 0001746  77.2388 282.9003 14.34217766 83174
IRIDIUM 132
1 42961U 17061G   19304.53331719  .00000076  00000-0  20162-4 0  9994
2 42961  86.3937 316.7889 0002056  81.4510 278.6918 14.34219466107867
IRIDIUM 135
1 43070U 17083A   19304.46303909  .00000089  00000-0  24589-4 0  9993
2 43070  86.3970 253.5793 0001842  95.1031 265.0375 14.34218840 97185
IRIDIUM 149
1 43250U 18030B   19304.26934956  .00000096  00000-0  27332-4 0  9993
2 43250  86.4018 222.0876 0001584  83.2445 276.8931 14.34219692 83169
IRIDIUM 29
1 24944U 97051A   19304.43486265  .00000075  00000-0  19580-4 0  9999
2 24944  86.3920 284.5243 0002322  94.6234 265.5227 14.34726741158639
IRIDIUM 138
1 43071U 17083B   19304.41866140  .00000082  00000-0  22145-4 0  9999
2 43071  86.3960 253.5265 0002343  81.9694 278.1768 14.34218647 97168
IRIDIUM 121
1 42812U 17039K   19304.47914502  .00000061  00000-0  14749-4 0  9992
2 42812  86.3929 285.1863 0002370  85.1443 275.0023 14.34215345122989
IRIDIUM 102
1 41920U 17003D   19304.22936840  .00000095  00000-0  26950-4 0  9998
2 41920  86.4016  20.0936 0002429  95.9482 264.1990 14.34219401146288
IRIDIUM 124
1 42810U 17039H   19304.36614032  .00000114  00000-0  27811-4 0  9996
2 42810  86.4546 221.9970 0001760  76.0238 284.1158 14.43278365125943
IRIDIUM 130
1 43073U 17083D   19304.42500493  .00000083  00000-0  22422-4 0  9997
2 43073  86.3978 253.6469 0002347  85.7096 274.4368 14.34218730 97144
IRIDIUM 140
1 43252U 18030D   19304.37717429  .00000104  00000-0  30180-4 0  9996
2 43252  86.4020 222.0557 0001179  55.9242 304.2066 14.34219273 83217
IRIDIUM 38
1 25043U 97069E   19304.30548044  .00000139  00000-0  40949-4 0  9993
2 25043  86.4006  16.0236 0001998  54.2852 305.8531 14.36167008151032
IRIDIUM 45
1 25104U 97082A   19304.45922718  .00000631  00000-0  46373-4 0  9990
2 25104  86.3779 277.3015 0216257 137.3903 224.4329 14.84085953145573
IRIDIUM 4
1 24796U 97020E   19304.48398403  .00000081  00000-0  21304-4 0  9995
2 24796  86.3919 315.1502 0002254  90.7417 269.4037 14.35222023177554
IRIDIUM 96
1 27376U 02005E   19304.45873065  .00061793 -38930-6  34965-3 0  9993
2 27376  86.3630 264.4993 0168702  73.7529 288.2221 15.61370372947300
IRIDIUM 117
1 42808U 17039F   19304.43476786  .00000075  00000-0  19768-4 0  9991
2 42808  86.3928 285.1770 0001978  74.6657 285.4757 14.34218358123014
IRIDIUM 73
1 25344U 98032C   19304.25427483  .00000130  00000-0  28808-4 0  9996
2 25344  86.4483 196.8819 0002650  77.6053 282.5448 14.49197474132971
IRIDIUM 108
1 41924U 17003H   19304.48599843  .00000089  00000-0  24711-4 0  9994
2 41924  86.3980 348.4132 0001811  93.4617 266.6786 14.34216071148162
IRIDIUM 2
1 25527U 98066A   19304.40747479  .00001189  00000-0  56141-4 0  9999
2 25527  85.5316 240.1546 0010438 131.2578 228.9563 15.18244840149237
IRIDIUM 82
1 25467U 98051A   19304.50203271  .00000878  00000-0  62950-4 0  9993
2 25467  86.4006 344.9878 0179715 180.1910 179.9282 14.90548026115838
IRIDIUM 921
1 24873U 97034E   19304.22811222  .00000936  00000-0  51610-4 0  9999
2 24873  86.3963  16.2087 0009769  69.0671 291.1612 15.12546231218952
IRIDIUM 920
1 24871U 97034C   19304.19588627  .00000125  00000-0  33718-4 0  9992
2 24871  86.4004   1.3981 0012293  21.8965 338.2756 14.39611010170936
IRIDIUM 51
1 25262U 98018A   19304.49921345  .00000710  00000-0  47509-4 0  9994
2 25262  86.3947 289.9666 0207715 134.4353 227.4083 14.88708359139188
IRIDIUM 28
1 24948U 97051E   19304.50356498  .00000076  00000-0  19382-4 0  9996
2 24948  86.3925 283.2073 0002044  80.5053 279.6375 14.35678047158871
IRIDIUM 111
1 41926U 17003K   19304.29281010  .00000098  00000-0  27922-4 0  9996
2 41926  86.4014  20.0380 0002325  86.4776 273.6686 14.34217070146334
DUMMY MASS 1
1 24925U 97048A   19303.76886594 +.00000081 +00000-0 +61835-5 0  9996
2 24925 086.3382 004.3168 0005716 203.9690 156.1269 14.85212537199810
IRIDIUM 112
1 41925U 17003J   19304.30547593  .00000108  00000-0  31342-4 0  9991
2 41925  86.4013  20.0147 0002324 106.6820 253.4631 14.34220489146319
IRIDIUM 24
1 25105U 97082B   19304.32731354  .00000115  00000-0  30204-4 0  9994
2 25105  86.3956 229.5700 0012400  22.9393 337.2357 14.39996156147490
IRIDIUM 914
1 24836U 97030A   19304.51369317  .00000105  00000-0  27668-4 0  9993
2 24836  86.3919 329.5598 0003598 115.9317 244.2252 14.38896300173514
IRIDIUM 36
1 24967U 97056C   19304.47487450  .00000103  00000-0  28708-4 0  9994
2 24967  86.3934 314.9154 0002060  96.4393 263.7039 14.35740079157151
IRIDIUM 22
1 24907U 97043E   19304.34183235  .00000093  00000-0  26104-4 0  9990
2 24907  86.3966 254.0510 0002272  88.3230 271.8226 14.34315642161982
IRIDIUM 17
1 24870U 97034B   19304.27714132  .00000129  00000-0  37519-4 0  9999
2 24870  86.4007  17.2439 0000596 131.1195 229.0053 14.35901709168459
IRIDIUM 69
1 25319U 98026A   19304.41379284  .00000050  00000-0  97258-5 0  9991
2 25319  86.4013 241.2438 0001573  22.3087 337.8180 14.38811977127588
IRIDIUM 7
1 24793U 97020B   19304.52115503  .00000095  00000-0  26907-4 0  9994
2 24793  86.3929 316.8801 0002280  87.5908 272.5549 14.34298224177378
IRIDIUM 105
1 41921U 17003E   19304.20047648  .00000098  00000-0  27894-4 0  9997
2 41921  86.3987 348.4959 0001521  59.6030 300.5316 14.34216059148134
IRIDIUM 104
1 41922U 17003F   19304.31183409  .00000105  00000-0  30487-4 0  9997
2 41922  86.4017  20.0649 0001925  85.8802 274.2614 14.34218550146285
IRIDIUM 109
1 41919U 17003C   19304.33087101  .00000110  00000-0  32310-4 0  9990
2 41919  86.4017  20.0757 0002221  92.0464 268.0986 14.34219194146238
IRIDIUM 57
1 25273U 98019B   19304.48285392  .00000092  00000-0  25618-4 0  9991
2 25273  86.3922 285.1846 0002253  91.2184 268.9270 14.34359082130245
IRIDIUM 97
1 27450U 02031A   19304.52044981  .00000009  00000-0 -35731-5 0  9998
2 27450  86.4191 316.8814 0002140  95.9685 264.1757 14.38539365914664
IRIDIUM 5
1 24795U 97020D   19304.44831216  .00000309  00000-0  30972-4 0  9998
2 24795  86.3928 294.1437 0138368 195.3756 164.3244 14.80158404180693
IRIDIUM 16
1 24841U 97030F   19304.49828519  .00000091  00000-0  24202-4 0  9995
2 24841  86.4048 347.1876 0002210  26.4429 333.6880 14.36850905171976
IRIDIUM 103
1 41918U 17003B   19304.32451720  .00000106  00000-0  30801-4 0  9998
2 41918  86.4016  20.0590 0002459  85.4441 274.7035 14.34216549146257
IRIDIUM 39
1 25042U 97069D   19304.32343110  .00000113  00000-0  25832-4 0  9997
2 25042  86.3960   9.6636 0017330 317.4121  42.5737 14.46338792151901
IRIDIUM 123
1 42804U 17039B   19304.45377912  .00000089  00000-0  24831-4 0  9992
2 42804  86.3929 285.1822 0002445  86.3844 273.7631 14.34215628122980
IRIDIUM 44
1 25078U 97077B   19304.28904638  .00000115  00000-0  31452-4 0  9995
2 25078  86.3998   7.1409 0001031  33.7316 326.3947 14.38271873148119
IRIDIUM 114
1 41923U 17003G   19304.31815716  .00000100  00000-0  28782-4 0  9991
2 41923  86.4017  20.0525 0002020 102.9688 257.1733 14.34214625146280
IRIDIUM 71
1 25320U 98026B   19304.36683390  .00000128  00000-0  34810-4 0  9993
2 25320  86.4005 236.7392 0003532  51.3194 308.8320 14.39216163128040
IRIDIUM 911
1 24842U 97030G   19304.51587191  .00000135  00000-0  32599-4 0  9994
2 24842  86.4475 347.4489 0016696  93.9913 266.3198 14.45125137178056
IRIDIUM 33
1 24946U 97051C   19304.44543855  .00000075  00000-0  19847-4 0  9997
2 24946  86.3834 284.1348 0006152 311.8880  48.1790 14.33662519158140
IRIDIUM 26
1 24903U 97043A   19304.43576454  .00000126  00000-0  37118-4 0  9999
2 24903  86.3967 252.0627 0002217  81.0700 279.0747 14.35375900162227
IRIDIUM 175
1 43928U 19002G   19304.48292606  .00000093  00000-0  10840-4 0  9991
2 43928  86.6048 285.1059 0002393  64.4043 295.7421 14.72252298 43085
